0,2.210609
1,1.297440
2,1.098296
3,1.003413
4,0.938588
5,0.887738
6,0.845664
7,0.809745
8,0.778222
9,0.749905
10,0.724054
11,0.700245
12,0.678243
13,0.657916
14,0.639168
15,0.621906
16,0.606025
17,0.591408
18,0.577931
19,0.565474
20,0.553926
21,0.543187
22,0.533169
23,0.523793
24,0.514993
25,0.506708
26,0.498886
27,0.491481
28,0.484451
29,0.477759
30,0.471373
31,0.465263
32,0.459402
33,0.453768
34,0.448338
35,0.443095
36,0.438022
37,0.433106
38,0.428334
39,0.423695
40,0.419181
41,0.414785
42,0.410498
43,0.406317
44,0.402236
45,0.398253
46,0.394364
47,0.390566
48,0.386858
49,0.383239
50,0.379707
51,0.376260
52,0.372898
53,0.369618
54,0.366421
55,0.363303
56,0.360265
57,0.357305
58,0.354420
59,0.351611
60,0.348876
61,0.346212
62,0.343621
63,0.341099
64,0.338646
65,0.336261
66,0.333942
67,0.331689
68,0.329499
69,0.327373
70,0.325308
71,0.323303
72,0.321357
73,0.319468
74,0.317635
75,0.315857
76,0.314131
77,0.312457
78,0.310833
79,0.309256
80,0.307726
81,0.306241
82,0.304799
83,0.303398
84,0.302038
85,0.300716
86,0.299430
87,0.298181
88,0.296965
89,0.295781
90,0.294629
91,0.293507
92,0.292414
93,0.291348
94,0.290308
95,0.289293
96,0.288303
97,0.287336
98,0.286392
99,0.285468
100,0.284566
101,0.283683
102,0.282819
103,0.281974
104,0.281146
105,0.280336
106,0.279541
107,0.278763
108,0.277999
109,0.277251
110,0.276516
111,0.275796
112,0.275088
113,0.274394
114,0.273712
115,0.273042
116,0.272383
117,0.271737
118,0.271101
119,0.270475
120,0.269861
121,0.269256
122,0.268661
123,0.268076
124,0.267500
125,0.266934
126,0.266376
127,0.265827
128,0.265287
129,0.264755
130,0.264231
131,0.263715
132,0.263207
133,0.262706
134,0.262214
135,0.261728
136,0.261250
137,0.260778
138,0.260314
139,0.259856
140,0.259405
141,0.258961
142,0.258523
143,0.258091
144,0.257665
145,0.257246
146,0.256832
147,0.256424
148,0.256022
149,0.255625
150,0.255234
151,0.254848
152,0.254467
153,0.254092
154,0.253721
155,0.253356
156,0.252995
157,0.252639
158,0.252287
159,0.251940
160,0.251598
161,0.251260
162,0.250926
163,0.250596
164,0.250271
165,0.249949
166,0.249631
167,0.249318
168,0.249008
169,0.248701
170,0.248399
171,0.248100
172,0.247804
173,0.247512
174,0.247223
175,0.246937
176,0.246655
177,0.246376
178,0.246100
179,0.245827
180,0.245557
181,0.245290
182,0.245026
183,0.244765
184,0.244507
185,0.244251
186,0.243998
187,0.243748
188,0.243500
189,0.243255
190,0.243013
191,0.242773
192,0.242535
193,0.242300
194,0.242068
195,0.241837
196,0.241609
197,0.241384
198,0.241160
199,0.240939
200,0.240720
201,0.240504
202,0.240289
203,0.240076
204,0.239866
205,0.239658
206,0.239451
207,0.239247
208,0.239044
209,0.238844
210,0.238646
211,0.238449
212,0.238254
213,0.238061
214,0.237870
215,0.237681
216,0.237494
217,0.237308
218,0.237124
219,0.236942
220,0.236762
221,0.236583
222,0.236406
223,0.236231
224,0.236057
225,0.235885
226,0.235715
227,0.235546
228,0.235379
229,0.235213
230,0.235049
231,0.234886
232,0.234725
233,0.234565
234,0.234407
235,0.234250
236,0.234095
237,0.233941
238,0.233789
239,0.233638
240,0.233488
241,0.233340
242,0.233193
243,0.233048
244,0.232904
245,0.232761
246,0.232619
247,0.232479
248,0.232340
249,0.232202
250,0.232065
251,0.231930
252,0.231796
253,0.231663
254,0.231532
255,0.231401
256,0.231272
257,0.231143
258,0.231016
259,0.230891
260,0.230766
261,0.230642
262,0.230519
263,0.230398
264,0.230277
265,0.230158
266,0.230039
267,0.229922
268,0.229806
269,0.229690
270,0.229576
271,0.229463
272,0.229350
273,0.229239
274,0.229128
275,0.229019
276,0.228910
277,0.228802
278,0.228695
279,0.228589
280,0.228484
281,0.228380
282,0.228277
283,0.228174
284,0.228073
285,0.227972
286,0.227872
287,0.227773
288,0.227674
289,0.227577
290,0.227480
291,0.227384
292,0.227288
293,0.227194
294,0.227100
295,0.227007
296,0.226915
297,0.226823
298,0.226732
299,0.226642
300,0.226552
301,0.226463
302,0.226375
303,0.226288
304,0.226201
305,0.226115
306,0.226029
307,0.225944
308,0.225860
309,0.225776
310,0.225693
311,0.225611
312,0.225529
313,0.225448
314,0.225367
315,0.225287
316,0.225207
317,0.225128
318,0.225050
319,0.224972
320,0.224894
321,0.224817
322,0.224741
323,0.224665
324,0.224590
325,0.224515
326,0.224441
327,0.224367
328,0.224293
329,0.224220
330,0.224148
331,0.224076
332,0.224004
333,0.223933
334,0.223862
335,0.223792
336,0.223722
337,0.223653
338,0.223584
339,0.223515
340,0.223447
341,0.223379
342,0.223312
343,0.223245
344,0.223178
345,0.223112
346,0.223046
347,0.222980
348,0.222915
349,0.222850
350,0.222785
351,0.222721
352,0.222657
353,0.222593
354,0.222530
355,0.222467
356,0.222404
357,0.222342
358,0.222280
359,0.222218
360,0.222156
361,0.222095
362,0.222034
363,0.221974
364,0.221913
365,0.221853
366,0.221793
367,0.221733
368,0.221674
369,0.221614
370,0.221555
371,0.221497
372,0.221438
373,0.221380
374,0.221322
375,0.221264
376,0.221206
377,0.221149
378,0.221091
379,0.221034
380,0.220977
381,0.220921
382,0.220864
383,0.220808
384,0.220751
385,0.220695
386,0.220639
387,0.220584
388,0.220528
389,0.220473
390,0.220417
391,0.220362
392,0.220307
393,0.220252
394,0.220198
395,0.220143
396,0.220089
397,0.220034
398,0.219980
399,0.219926
400,0.219872
401,0.219818
402,0.219764
403,0.219711
404,0.219657
405,0.219604
406,0.219550
407,0.219497
408,0.219444
409,0.219391
410,0.219338
411,0.219285
412,0.219232
413,0.219179
414,0.219127
415,0.219074
416,0.219021
417,0.218969
418,0.218916
419,0.218864
420,0.218812
421,0.218759
422,0.218707
423,0.218655
424,0.218603
425,0.218551
426,0.218499
427,0.218447
428,0.218395
429,0.218343
430,0.218291
431,0.218240
432,0.218188
433,0.218136
434,0.218084
435,0.218033
436,0.217981
437,0.217929
438,0.217878
439,0.217826
440,0.217775
441,0.217723
442,0.217672
443,0.217620
444,0.217569
445,0.217518
446,0.217466
447,0.217415
448,0.217363
449,0.217312
450,0.217261
451,0.217209
452,0.217158
453,0.217107
454,0.217055
455,0.217004
456,0.216953
457,0.216902
458,0.216850
459,0.216799
460,0.216748
461,0.216697
462,0.216646
463,0.216594
464,0.216543
465,0.216492
466,0.216441
467,0.216390
468,0.216338
469,0.216287
470,0.216236
471,0.216185
472,0.216134
473,0.216083
474,0.216031
475,0.215980
476,0.215929
477,0.215878
478,0.215827
479,0.215776
480,0.215725
481,0.215673
482,0.215622
483,0.215571
484,0.215520
485,0.215469
486,0.215418
487,0.215367
488,0.215315
489,0.215264
490,0.215213
491,0.215162
492,0.215111
493,0.215060
494,0.215009
495,0.214957
496,0.214906
497,0.214855
498,0.214804
499,0.214753
500,0.214702
501,0.214651
502,0.214599
503,0.214548
504,0.214497
505,0.214446
506,0.214395
507,0.214344
508,0.214293
509,0.214241
510,0.214190
511,0.214139
512,0.214088
513,0.214037
514,0.213986
515,0.213935
516,0.213884
517,0.213833
518,0.213782
519,0.213730
520,0.213679
521,0.213628
522,0.213577
523,0.213526
524,0.213476
525,0.213425
526,0.213374
527,0.213323
528,0.213272
529,0.213221
530,0.213171
531,0.213120
532,0.213069
533,0.213019
534,0.212968
535,0.212918
536,0.212867
537,0.212817
538,0.212767
539,0.212717
540,0.212666
541,0.212616
542,0.212567
543,0.212517
544,0.212467
545,0.212417
546,0.212368
547,0.212318
548,0.212269
549,0.212220
550,0.212170
551,0.212121
552,0.212072
553,0.212024
554,0.211975
555,0.211926
556,0.211878
557,0.211830
558,0.211782
559,0.211734
560,0.211686
561,0.211638
562,0.211590
563,0.211543
564,0.211496
565,0.211448
566,0.211401
567,0.211354
568,0.211308
569,0.211261
570,0.211215
571,0.211168
572,0.211122
573,0.211076
574,0.211030
575,0.210985
576,0.210939
577,0.210894
578,0.210848
579,0.210803
580,0.210758
581,0.210714
582,0.210669
583,0.210624
584,0.210580
585,0.210536
586,0.210492
587,0.210448
588,0.210404
589,0.210360
590,0.210317
591,0.210274
592,0.210230
593,0.210187
594,0.210144
595,0.210102
596,0.210059
597,0.210017
598,0.209974
599,0.209932
600,0.209890
601,0.209848
602,0.209806
603,0.209764
604,0.209723
605,0.209681
606,0.209640
607,0.209599
608,0.209558
609,0.209517
610,0.209476
611,0.209435
612,0.209395
613,0.209354
614,0.209314
615,0.209274
616,0.209233
617,0.209193
618,0.209153
619,0.209114
620,0.209074
621,0.209034
622,0.208995
623,0.208956
624,0.208916
625,0.208877
626,0.208838
627,0.208799
628,0.208760
629,0.208721
630,0.208683
631,0.208644
632,0.208606
633,0.208567
634,0.208529
635,0.208491
636,0.208453
637,0.208415
638,0.208377
639,0.208339
640,0.208301
641,0.208264
642,0.208226
643,0.208189
644,0.208151
645,0.208114
646,0.208077
647,0.208040
648,0.208003
649,0.207966
650,0.207929
651,0.207892
652,0.207855
653,0.207819
654,0.207782
655,0.207746
656,0.207709
657,0.207673
658,0.207637
659,0.207601
660,0.207564
661,0.207528
662,0.207493
663,0.207457
664,0.207421
665,0.207385
666,0.207350
667,0.207314
668,0.207279
669,0.207244
670,0.207208
671,0.207173
672,0.207138
673,0.207103
674,0.207068
675,0.207033
676,0.206998
677,0.206964
678,0.206929
679,0.206895
680,0.206860
681,0.206826
682,0.206791
683,0.206757
684,0.206723
685,0.206689
686,0.206655
687,0.206621
688,0.206587
689,0.206554
690,0.206520
691,0.206486
692,0.206453
693,0.206420
694,0.206386
695,0.206353
696,0.206320
697,0.206287
698,0.206254
699,0.206221
700,0.206188
701,0.206155
702,0.206123
703,0.206090
704,0.206057
705,0.206025
706,0.205993
707,0.205960
708,0.205928
709,0.205896
710,0.205864
711,0.205832
712,0.205800
713,0.205768
714,0.205737
715,0.205705
716,0.205674
717,0.205642
718,0.205611
719,0.205579
720,0.205548
721,0.205517
722,0.205486
723,0.205455
724,0.205424
725,0.205393
726,0.205362
727,0.205331
728,0.205301
729,0.205270
730,0.205240
731,0.205209
732,0.205179
733,0.205148
734,0.205118
735,0.205088
736,0.205058
737,0.205028
738,0.204998
739,0.204968
740,0.204938
741,0.204908
742,0.204879
743,0.204849
744,0.204820
745,0.204790
746,0.204761
747,0.204731
748,0.204702
749,0.204673
750,0.204643
751,0.204614
752,0.204585
753,0.204556
754,0.204527
755,0.204498
756,0.204469
757,0.204440
758,0.204411
759,0.204383
760,0.204354
761,0.204325
762,0.204297
763,0.204268
764,0.204239
765,0.204211
766,0.204183
767,0.204154
768,0.204126
769,0.204097
770,0.204069
771,0.204041
772,0.204013
773,0.203984
774,0.203956
775,0.203928
776,0.203900
777,0.203872
778,0.203844
779,0.203816
780,0.203788
781,0.203760
782,0.203732
783,0.203704
784,0.203676
785,0.203648
786,0.203620
787,0.203593
788,0.203565
789,0.203537
790,0.203509
791,0.203482
792,0.203454
793,0.203426
794,0.203399
795,0.203371
796,0.203343
797,0.203316
798,0.203288
799,0.203261
800,0.203233
801,0.203206
802,0.203178
803,0.203151
804,0.203123
805,0.203096
806,0.203069
807,0.203041
808,0.203014
809,0.202987
810,0.202959
811,0.202932
812,0.202905
813,0.202877
814,0.202850
815,0.202823
816,0.202796
817,0.202769
818,0.202742
819,0.202714
820,0.202687
821,0.202660
822,0.202633
823,0.202606
824,0.202579
825,0.202552
826,0.202525
827,0.202499
828,0.202472
829,0.202445
830,0.202418
831,0.202391
832,0.202364
833,0.202338
834,0.202311
835,0.202284
836,0.202258
837,0.202231
838,0.202204
839,0.202178
840,0.202151
841,0.202125
842,0.202098
843,0.202072
844,0.202045
845,0.202019
846,0.201993
847,0.201966
848,0.201940
849,0.201914
850,0.201887
851,0.201861
852,0.201835
853,0.201809
854,0.201783
855,0.201757
856,0.201731
857,0.201704
858,0.201678
859,0.201652
860,0.201626
861,0.201600
862,0.201575
863,0.201549
864,0.201523
865,0.201497
866,0.201471
867,0.201445
868,0.201419
869,0.201394
870,0.201368
871,0.201342
872,0.201317
873,0.201291
874,0.201265
875,0.201240
876,0.201214
877,0.201188
878,0.201163
879,0.201137
880,0.201112
881,0.201086
882,0.201061
883,0.201035
884,0.201010
885,0.200984
886,0.200959
887,0.200933
888,0.200908
889,0.200882
890,0.200857
891,0.200831
892,0.200806
893,0.200781
894,0.200755
895,0.200730
896,0.200705
897,0.200679
898,0.200654
899,0.200629
900,0.200603
901,0.200578
902,0.200553
903,0.200527
904,0.200502
905,0.200477
906,0.200451
907,0.200426
908,0.200401
909,0.200376
910,0.200350
911,0.200325
912,0.200300
913,0.200275
914,0.200249
915,0.200224
916,0.200199
917,0.200174
918,0.200148
919,0.200123
920,0.200098
921,0.200073
922,0.200047
923,0.200022
924,0.199997
925,0.199972
926,0.199947
927,0.199921
928,0.199896
929,0.199871
930,0.199846
931,0.199820
932,0.199795
933,0.199770
934,0.199745
935,0.199720
936,0.199694
937,0.199669
938,0.199644
939,0.199619
940,0.199594
941,0.199568
942,0.199543
943,0.199518
944,0.199493
945,0.199468
946,0.199443
947,0.199417
948,0.199392
949,0.199367
950,0.199342
951,0.199317
952,0.199292
953,0.199266
954,0.199241
955,0.199216
956,0.199191
957,0.199166
958,0.199141
959,0.199116
960,0.199091
961,0.199065
962,0.199040
963,0.199015
964,0.198990
965,0.198965
966,0.198940
967,0.198915
968,0.198890
969,0.198865
970,0.198840
971,0.198815
972,0.198790
973,0.198765
974,0.198740
975,0.198715
976,0.198690
977,0.198665
978,0.198640
979,0.198615
980,0.198590
981,0.198565
982,0.198540
983,0.198515
984,0.198491
985,0.198466
986,0.198441
987,0.198416
988,0.198391
989,0.198366
990,0.198342
991,0.198317
992,0.198292
993,0.198267
994,0.198243
995,0.198218
996,0.198193
997,0.198169
998,0.198144
999,0.198119
