1,0.269433
2,0.269164
3,0.268818
4,0.268549
5,0.268103
6,0.268010
7,0.267496
8,0.267345
9,0.266912
10,0.266839
11,0.266609
12,0.265718
13,0.265236
14,0.265426
15,0.265927
16,0.264823
17,0.264271
18,0.265126
19,0.264784
20,0.264729
21,0.264594
22,0.264368
23,0.264207
24,0.264001
25,0.263897
26,0.262812
27,0.263498
28,0.263264
29,0.263040
30,0.263007
31,0.262938
32,0.262546
33,0.262521
34,0.261655
35,0.262248
36,0.262051
37,0.261721
38,0.261533
39,0.261374
40,0.261291
41,0.261108
42,0.260303
43,0.260610
44,0.260459
45,0.259507
46,0.260155
47,0.259818
48,0.259704
49,0.259436
50,0.259173
51,0.258933
52,0.258657
53,0.258474
54,0.258192
55,0.257776
56,0.257566
57,0.257254
58,0.256846
59,0.255838
60,0.256258
61,0.255148
62,0.254835
63,0.255156
64,0.254658
65,0.254239
66,0.253857
67,0.253262
68,0.252800
69,0.251860
70,0.251780
71,0.251206
72,0.250497
73,0.249281
74,0.248452
75,0.248812
76,0.247894
77,0.247407
78,0.246729
79,0.245106
80,0.244698
81,0.244344
82,0.242580
83,0.242651
84,0.241601
85,0.241065
86,0.239672
87,0.239121
88,0.238040
89,0.236284
90,0.235462
91,0.234923
92,0.233893
93,0.233124
94,0.232014
95,0.230393
96,0.228988
97,0.228598
98,0.227349
99,0.226626
100,0.224807
101,0.223674
102,0.223100
103,0.221988
104,0.220856
105,0.219537
106,0.218419
107,0.217179
108,0.215246
109,0.213506
110,0.213420
111,0.211232
112,0.211381
113,0.210078
114,0.208277
115,0.207586
116,0.206461
117,0.204218
118,0.204312
119,0.202342
120,0.201849
121,0.199648
122,0.199381
123,0.197640
124,0.197482
125,0.196270
126,0.194137
127,0.193805
128,0.191433
129,0.191653
130,0.190313
131,0.189087
132,0.187478
133,0.185695
134,0.185471
135,0.183938
136,0.183074
137,0.181276
138,0.178932
139,0.178641
140,0.176299
141,0.175501
142,0.175517
143,0.173167
144,0.172521
145,0.169298
146,0.168722
147,0.167663
148,0.166406
149,0.164920
150,0.163389
151,0.160704
152,0.159985
153,0.158402
154,0.156748
155,0.152779
156,0.153240
157,0.150188
158,0.149142
159,0.146360
160,0.143194
161,0.141949
162,0.141758
163,0.136965
164,0.136221
165,0.135306
166,0.130943
167,0.129594
168,0.127366
169,0.123439
170,0.124006
171,0.118827
172,0.118034
173,0.115697
174,0.111869
175,0.110175
176,0.109939
177,0.105054
178,0.105494
179,0.102246
180,0.097459
181,0.097067
182,0.094780
183,0.091131
184,0.090252
185,0.086676
186,0.086163
187,0.081466
188,0.081604
189,0.079143
190,0.076053
191,0.074104
192,0.072691
193,0.070795
194,0.067216
195,0.066921
196,0.064069
197,0.063500
198,0.061512
199,0.059841
200,0.057101
201,0.056215
202,0.055206
203,0.052693
204,0.051984
205,0.049613
206,0.049293
207,0.048017
208,0.046940
209,0.045552
210,0.044897
211,0.042610
212,0.042118
213,0.041309
214,0.039600
215,0.039364
216,0.037918
217,0.036747
218,0.036587
219,0.035622
220,0.034472
221,0.034053
222,0.033207
223,0.032393
224,0.031486
225,0.031038
226,0.030285
227,0.029413
228,0.028764
229,0.028557
230,0.027778
231,0.027062
232,0.026668
233,0.026112
234,0.025677
235,0.025088
236,0.024512
237,0.023913
238,0.023487
239,0.023136
240,0.022651
241,0.022273
242,0.021975
243,0.021538
244,0.021023
245,0.020643
246,0.020331
247,0.020008
248,0.019569
249,0.019338
250,0.018966
251,0.018715
252,0.018378
253,0.018104
254,0.017794
255,0.017486
256,0.017155
257,0.016883
258,0.016674
259,0.016446
260,0.016195
261,0.015901
262,0.015695
263,0.015471
264,0.015240
265,0.015028
266,0.014799
267,0.014592
268,0.014403
269,0.014190
270,0.013948
271,0.013776
272,0.013616
273,0.013432
274,0.013255
275,0.013078
276,0.012872
277,0.012740
278,0.012582
279,0.012393
280,0.012235
281,0.012117
282,0.011943
283,0.011774
284,0.011647
285,0.011531
286,0.011390
287,0.011250
288,0.011093
289,0.010972
290,0.010856
291,0.010733
292,0.010592
293,0.010469
294,0.010358
295,0.010243
296,0.010149
297,0.010032
298,0.009918
299,0.009810
300,0.009698
301,0.009608
302,0.009495
303,0.009398
304,0.009299
305,0.009201
306,0.009102
307,0.009014
308,0.008930
309,0.008845
310,0.008744
311,0.008672
312,0.008579
313,0.008506
314,0.008410
315,0.008337
316,0.008261
317,0.008183
318,0.008101
319,0.008025
320,0.007948
321,0.007885
322,0.007805
323,0.007742
324,0.007663
325,0.007602
326,0.007536
327,0.007462
328,0.007399
329,0.007339
330,0.007271
331,0.007213
332,0.007150
333,0.007087
334,0.007031
335,0.006968
336,0.006911
337,0.006858
338,0.006801
339,0.006746
340,0.006690
341,0.006637
342,0.006584
343,0.006532
344,0.006479
345,0.006430
346,0.006375
347,0.006325
348,0.006277
349,0.006228
350,0.006182
351,0.006134
352,0.006092
353,0.006043
354,0.006002
355,0.005955
356,0.005912
357,0.005865
358,0.005826
359,0.005784
360,0.005742
361,0.005700
362,0.005660
363,0.005620
364,0.005580
365,0.005539
366,0.005499
367,0.005462
368,0.005426
369,0.005386
370,0.005353
371,0.005315
372,0.005280
373,0.005244
374,0.005207
375,0.005173
376,0.005141
377,0.005107
378,0.005072
379,0.005040
380,0.005008
381,0.004974
382,0.004941
383,0.004912
384,0.004878
385,0.004848
386,0.004818
387,0.004790
388,0.004758
389,0.004729
390,0.004701
391,0.004671
392,0.004643
393,0.004615
394,0.004586
395,0.004560
396,0.004532
397,0.004504
398,0.004478
399,0.004451
400,0.004425
401,0.004400
402,0.004374
403,0.004348
404,0.004323
405,0.004299
406,0.004273
407,0.004249
408,0.004225
409,0.004202
410,0.004178
411,0.004153
412,0.004132
413,0.004109
414,0.004085
415,0.004063
416,0.004041
417,0.004019
418,0.003997
419,0.003975
420,0.003954
421,0.003932
422,0.003912
423,0.003891
424,0.003871
425,0.003851
426,0.003831
427,0.003810
428,0.003790
429,0.003771
430,0.003752
431,0.003731
432,0.003713
433,0.003694
434,0.003676
435,0.003657
436,0.003638
437,0.003619
438,0.003602
439,0.003584
440,0.003566
441,0.003549
442,0.003531
443,0.003514
444,0.003497
445,0.003480
446,0.003463
447,0.003447
448,0.003429
449,0.003414
450,0.003397
451,0.003381
452,0.003365
453,0.003350
454,0.003334
455,0.003318
456,0.003302
457,0.003287
458,0.003272
459,0.003256
460,0.003242
461,0.003227
462,0.003212
463,0.003198
464,0.003184
465,0.003169
466,0.003155
467,0.003141
468,0.003127
469,0.003113
470,0.003099
471,0.003086
472,0.003072
473,0.003058
474,0.003045
475,0.003032
476,0.003019
477,0.003005
478,0.002993
479,0.002980
480,0.002967
481,0.002954
482,0.002942
483,0.002930
484,0.002917
485,0.002905
486,0.002893
487,0.002881
488,0.002869
489,0.002857
490,0.002845
491,0.002833
492,0.002822
493,0.002810
494,0.002799
495,0.002787
496,0.002776
497,0.002765
498,0.002754
499,0.002743
500,0.002732
501,0.002721
502,0.002710
503,0.002699
504,0.002689
505,0.002678
506,0.002668
507,0.002657
508,0.002647
509,0.002636
510,0.002626
511,0.002616
512,0.002606
513,0.002596
514,0.002586
515,0.002577
516,0.002567
517,0.002557
518,0.002547
519,0.002537
520,0.002528
521,0.002519
522,0.002509
523,0.002500
524,0.002491
525,0.002482
526,0.002472
527,0.002463
528,0.002454
529,0.002445
530,0.002436
531,0.002427
532,0.002419
533,0.002410
534,0.002401
535,0.002393
536,0.002384
537,0.002376
538,0.002367
539,0.002359
540,0.002351
541,0.002342
542,0.002334
543,0.002326
544,0.002318
545,0.002310
546,0.002302
547,0.002294
548,0.002286
549,0.002278
550,0.002270
551,0.002262
552,0.002254
553,0.002247
554,0.002239
555,0.002232
556,0.002224
557,0.002217
558,0.002209
559,0.002202
560,0.002194
561,0.002187
562,0.002180
563,0.002173
564,0.002165
565,0.002158
566,0.002151
567,0.002144
568,0.002137
569,0.002130
570,0.002123
571,0.002116
572,0.002110
573,0.002103
574,0.002096
575,0.002089
576,0.002082
577,0.002076
578,0.002069
579,0.002063
580,0.002056
581,0.002050
582,0.002043
583,0.002037
584,0.002030
585,0.002024
586,0.002018
587,0.002011
588,0.002005
589,0.001999
590,0.001993
591,0.001987
592,0.001980
593,0.001974
594,0.001968
595,0.001963
596,0.001957
597,0.001951
598,0.001945
599,0.001939
600,0.001933
601,0.001927
602,0.001921
603,0.001915
604,0.001910
605,0.001904
606,0.001899
607,0.001893
608,0.001887
609,0.001882
610,0.001876
611,0.001871
612,0.001865
613,0.001860
614,0.001854
615,0.001849
616,0.001844
617,0.001838
618,0.001833
619,0.001828
620,0.001823
621,0.001817
622,0.001812
623,0.001807
624,0.001802
625,0.001797
626,0.001792
627,0.001787
628,0.001782
629,0.001777
630,0.001772
631,0.001767
632,0.001762
633,0.001757
634,0.001752
635,0.001747
636,0.001742
637,0.001737
638,0.001733
639,0.001728
640,0.001723
641,0.001719
642,0.001714
643,0.001709
644,0.001704
645,0.001700
646,0.001695
647,0.001691
648,0.001686
649,0.001682
650,0.001677
651,0.001673
652,0.001668
653,0.001664
654,0.001659
655,0.001655
656,0.001651
657,0.001646
658,0.001642
659,0.001638
660,0.001633
661,0.001629
662,0.001625
663,0.001621
664,0.001616
665,0.001612
666,0.001608
667,0.001604
668,0.001600
669,0.001595
670,0.001591
671,0.001587
672,0.001583
673,0.001579
674,0.001575
675,0.001571
676,0.001567
677,0.001563
678,0.001559
679,0.001555
680,0.001551
681,0.001548
682,0.001544
683,0.001540
684,0.001536
685,0.001532
686,0.001528
687,0.001525
688,0.001521
689,0.001517
690,0.001513
691,0.001510
692,0.001506
693,0.001502
694,0.001499
695,0.001495
696,0.001491
697,0.001488
698,0.001484
699,0.001481
700,0.001477
701,0.001473
702,0.001470
703,0.001466
704,0.001463
705,0.001459
706,0.001456
707,0.001452
708,0.001449
709,0.001446
710,0.001442
711,0.001439
712,0.001435
713,0.001432
714,0.001429
715,0.001425
716,0.001422
717,0.001419
718,0.001415
719,0.001412
720,0.001409
721,0.001405
722,0.001402
723,0.001399
724,0.001396
725,0.001393
726,0.001389
727,0.001386
728,0.001383
729,0.001380
730,0.001377
731,0.001374
732,0.001371
733,0.001367
734,0.001364
735,0.001361
736,0.001358
737,0.001355
738,0.001352
739,0.001349
740,0.001346
741,0.001343
742,0.001340
743,0.001337
744,0.001334
745,0.001331
746,0.001328
747,0.001325
748,0.001322
749,0.001320
750,0.001317
751,0.001314
752,0.001311
753,0.001308
754,0.001305
755,0.001302
756,0.001300
757,0.001297
758,0.001294
759,0.001291
760,0.001288
761,0.001286
762,0.001283
763,0.001280
764,0.001277
765,0.001275
766,0.001272
767,0.001269
768,0.001267
769,0.001264
770,0.001261
771,0.001258
772,0.001256
773,0.001253
774,0.001251
775,0.001248
776,0.001245
777,0.001243
778,0.001240
779,0.001238
780,0.001235
781,0.001232
782,0.001230
783,0.001227
784,0.001225
785,0.001222
786,0.001220
787,0.001217
788,0.001215
789,0.001212
790,0.001210
791,0.001207
792,0.001205
793,0.001202
794,0.001200
795,0.001198
796,0.001195
797,0.001193
798,0.001190
799,0.001188
800,0.001186
801,0.001183
802,0.001181
803,0.001178
804,0.001176
805,0.001174
806,0.001171
807,0.001169
808,0.001167
809,0.001164
810,0.001162
811,0.001160
812,0.001158
813,0.001155
814,0.001153
815,0.001151
816,0.001149
817,0.001146
818,0.001144
819,0.001142
820,0.001140
821,0.001137
822,0.001135
823,0.001133
824,0.001131
825,0.001129
826,0.001126
827,0.001124
828,0.001122
829,0.001120
830,0.001118
831,0.001116
832,0.001114
833,0.001111
834,0.001109
835,0.001107
836,0.001105
837,0.001103
838,0.001101
839,0.001099
840,0.001097
841,0.001095
842,0.001093
843,0.001091
844,0.001089
845,0.001087
846,0.001085
847,0.001083
848,0.001081
849,0.001079
850,0.001077
851,0.001075
852,0.001073
853,0.001071
854,0.001069
855,0.001067
856,0.001065
857,0.001063
858,0.001061
859,0.001059
860,0.001057
861,0.001055
862,0.001053
863,0.001051
864,0.001049
865,0.001047
866,0.001046
867,0.001044
868,0.001042
869,0.001040
870,0.001038
871,0.001036
872,0.001034
873,0.001032
874,0.001031
875,0.001029
876,0.001027
877,0.001025
878,0.001023
879,0.001021
880,0.001020
881,0.001018
882,0.001016
883,0.001014
884,0.001012
885,0.001011
886,0.001009
887,0.001007
888,0.001005
889,0.001004
890,0.001002
891,0.001000
892,0.000998
893,0.000997
894,0.000995
895,0.000993
896,0.000991
897,0.000990
898,0.000988
899,0.000986
900,0.000985
901,0.000983
902,0.000981
903,0.000980
904,0.000978
905,0.000976
906,0.000975
907,0.000973
908,0.000971
909,0.000970
910,0.000968
911,0.000966
912,0.000965
913,0.000963
914,0.000961
915,0.000960
916,0.000958
917,0.000957
918,0.000955
919,0.000953
920,0.000952
921,0.000950
922,0.000949
923,0.000947
924,0.000946
925,0.000944
926,0.000942
927,0.000941
928,0.000939
929,0.000938
930,0.000936
931,0.000935
932,0.000933
933,0.000932
934,0.000930
935,0.000929
936,0.000927
937,0.000925
938,0.000924
939,0.000922
940,0.000921
941,0.000919
942,0.000918
943,0.000916
944,0.000915
945,0.000914
946,0.000912
947,0.000911
948,0.000909
949,0.000908
950,0.000906
951,0.000905
952,0.000903
953,0.000902
954,0.000900
955,0.000899
956,0.000898
957,0.000896
958,0.000895
959,0.000893
960,0.000892
961,0.000890
962,0.000889
963,0.000888
964,0.000886
965,0.000885
966,0.000884
967,0.000882
968,0.000881
969,0.000879
970,0.000878
971,0.000877
972,0.000875
973,0.000874
974,0.000873
975,0.000871
976,0.000870
977,0.000868
978,0.000867
979,0.000866
980,0.000864
981,0.000863
982,0.000862
983,0.000860
984,0.000859
985,0.000858
986,0.000857
987,0.000855
988,0.000854
989,0.000853
990,0.000851
991,0.000850
992,0.000849
993,0.000847
994,0.000846
995,0.000845
996,0.000844
997,0.000842
998,0.000841
999,0.000840
1000,0.000839
1001,0.000837
1002,0.000836
1003,0.000835
1004,0.000834
1005,0.000832
1006,0.000831
1007,0.000830
1008,0.000829
1009,0.000827
1010,0.000826
1011,0.000825
1012,0.000824
1013,0.000822
1014,0.000821
1015,0.000820
1016,0.000819
1017,0.000818
1018,0.000816
1019,0.000815
1020,0.000814
1021,0.000813
1022,0.000812
1023,0.000810
1024,0.000809
1025,0.000808
1026,0.000807
1027,0.000806
1028,0.000805
1029,0.000803
1030,0.000802
1031,0.000801
1032,0.000800
1033,0.000799
1034,0.000798
1035,0.000797
1036,0.000795
1037,0.000794
1038,0.000793
1039,0.000792
1040,0.000791
1041,0.000790
1042,0.000789
1043,0.000787
1044,0.000786
1045,0.000785
1046,0.000784
1047,0.000783
1048,0.000782
1049,0.000781
1050,0.000780
1051,0.000779
1052,0.000777
1053,0.000776
1054,0.000775
1055,0.000774
1056,0.000773
1057,0.000772
1058,0.000771
1059,0.000770
1060,0.000769
1061,0.000768
1062,0.000767
1063,0.000766
1064,0.000764
1065,0.000763
1066,0.000762
1067,0.000761
1068,0.000760
1069,0.000759
1070,0.000758
1071,0.000757
1072,0.000756
1073,0.000755
1074,0.000754
1075,0.000753
1076,0.000752
1077,0.000751
1078,0.000750
1079,0.000749
1080,0.000748
1081,0.000747
1082,0.000746
1083,0.000745
1084,0.000744
1085,0.000743
1086,0.000742
1087,0.000741
1088,0.000740
1089,0.000739
1090,0.000738
1091,0.000737
1092,0.000736
1093,0.000735
1094,0.000734
1095,0.000733
1096,0.000732
1097,0.000731
1098,0.000730
1099,0.000729
1100,0.000728
1101,0.000727
1102,0.000726
1103,0.000725
1104,0.000724
1105,0.000723
1106,0.000722
1107,0.000721
1108,0.000720
1109,0.000719
1110,0.000718
1111,0.000717
1112,0.000716
1113,0.000716
1114,0.000715
1115,0.000714
1116,0.000713
1117,0.000712
1118,0.000711
1119,0.000710
1120,0.000709
1121,0.000708
1122,0.000707
1123,0.000706
1124,0.000705
1125,0.000704
1126,0.000703
1127,0.000703
1128,0.000702
1129,0.000701
1130,0.000700
1131,0.000699
1132,0.000698
1133,0.000697
1134,0.000696
1135,0.000695
1136,0.000694
1137,0.000694
1138,0.000693
1139,0.000692
1140,0.000691
1141,0.000690
1142,0.000689
1143,0.000688
1144,0.000687
1145,0.000687
1146,0.000686
1147,0.000685
1148,0.000684
1149,0.000683
1150,0.000682
1151,0.000681
1152,0.000681
1153,0.000680
1154,0.000679
1155,0.000678
1156,0.000677
1157,0.000676
1158,0.000675
1159,0.000675
1160,0.000674
1161,0.000673
1162,0.000672
1163,0.000671
1164,0.000670
1165,0.000670
1166,0.000669
1167,0.000668
1168,0.000667
1169,0.000666
1170,0.000665
1171,0.000665
1172,0.000664
1173,0.000663
1174,0.000662
1175,0.000661
1176,0.000660
1177,0.000660
1178,0.000659
1179,0.000658
1180,0.000657
1181,0.000656
1182,0.000656
1183,0.000655
1184,0.000654
1185,0.000653
1186,0.000652
1187,0.000652
1188,0.000651
1189,0.000650
1190,0.000649
1191,0.000649
1192,0.000648
1193,0.000647
1194,0.000646
1195,0.000645
1196,0.000645
1197,0.000644
1198,0.000643
1199,0.000642
1200,0.000642
1201,0.000641
1202,0.000640
1203,0.000639
1204,0.000638
1205,0.000638
1206,0.000637
1207,0.000636
1208,0.000635
1209,0.000635
1210,0.000634
1211,0.000633
1212,0.000632
1213,0.000632
1214,0.000631
1215,0.000630
1216,0.000629
1217,0.000629
1218,0.000628
1219,0.000627
1220,0.000626
1221,0.000626
1222,0.000625
1223,0.000624
1224,0.000624
1225,0.000623
1226,0.000622
1227,0.000621
1228,0.000621
1229,0.000620
1230,0.000619
1231,0.000618
1232,0.000618
1233,0.000617
1234,0.000616
1235,0.000616
1236,0.000615
1237,0.000614
1238,0.000613
1239,0.000613
1240,0.000612
1241,0.000611
1242,0.000611
1243,0.000610
1244,0.000609
1245,0.000609
1246,0.000608
1247,0.000607
1248,0.000606
1249,0.000606
1250,0.000605
1251,0.000604
1252,0.000604
1253,0.000603
1254,0.000602
1255,0.000602
1256,0.000601
1257,0.000600
1258,0.000600
1259,0.000599
1260,0.000598
1261,0.000598
1262,0.000597
1263,0.000596
1264,0.000596
1265,0.000595
1266,0.000594
1267,0.000594
1268,0.000593
1269,0.000592
1270,0.000592
1271,0.000591
1272,0.000590
1273,0.000590
1274,0.000589
1275,0.000588
1276,0.000588
1277,0.000587
1278,0.000586
1279,0.000586
1280,0.000585
1281,0.000584
1282,0.000584
1283,0.000583
1284,0.000582
1285,0.000582
1286,0.000581
1287,0.000581
1288,0.000580
1289,0.000579
1290,0.000579
1291,0.000578
1292,0.000577
1293,0.000577
1294,0.000576
1295,0.000575
1296,0.000575
1297,0.000574
1298,0.000574
1299,0.000573
1300,0.000572
1301,0.000572
1302,0.000571
1303,0.000570
1304,0.000570
1305,0.000569
1306,0.000569
1307,0.000568
1308,0.000567
1309,0.000567
1310,0.000566
1311,0.000566
1312,0.000565
1313,0.000564
1314,0.000564
1315,0.000563
1316,0.000563
1317,0.000562
1318,0.000561
1319,0.000561
1320,0.000560
1321,0.000560
1322,0.000559
1323,0.000558
1324,0.000558
1325,0.000557
1326,0.000557
1327,0.000556
1328,0.000555
1329,0.000555
1330,0.000554
1331,0.000554
1332,0.000553
1333,0.000552
1334,0.000552
1335,0.000551
1336,0.000551
1337,0.000550
1338,0.000550
1339,0.000549
1340,0.000548
1341,0.000548
1342,0.000547
1343,0.000547
1344,0.000546
1345,0.000546
1346,0.000545
1347,0.000544
1348,0.000544
1349,0.000543
1350,0.000543
1351,0.000542
1352,0.000542
1353,0.000541
1354,0.000540
1355,0.000540
1356,0.000539
1357,0.000539
1358,0.000538
1359,0.000538
1360,0.000537
1361,0.000537
1362,0.000536
1363,0.000535
1364,0.000535
1365,0.000534
1366,0.000534
1367,0.000533
1368,0.000533
1369,0.000532
1370,0.000532
1371,0.000531
1372,0.000531
1373,0.000530
1374,0.000529
1375,0.000529
1376,0.000528
1377,0.000528
1378,0.000527
1379,0.000527
1380,0.000526
1381,0.000526
1382,0.000525
1383,0.000525
1384,0.000524
1385,0.000524
1386,0.000523
1387,0.000523
1388,0.000522
1389,0.000521
1390,0.000521
1391,0.000520
1392,0.000520
1393,0.000519
1394,0.000519
1395,0.000518
1396,0.000518
1397,0.000517
1398,0.000517
1399,0.000516
1400,0.000516
1401,0.000515
1402,0.000515
1403,0.000514
1404,0.000514
1405,0.000513
1406,0.000513
1407,0.000512
1408,0.000512
1409,0.000511
1410,0.000511
1411,0.000510
1412,0.000510
1413,0.000509
1414,0.000509
1415,0.000508
1416,0.000508
1417,0.000507
1418,0.000507
1419,0.000506
1420,0.000506
1421,0.000505
1422,0.000505
1423,0.000504
1424,0.000504
1425,0.000503
1426,0.000503
1427,0.000502
1428,0.000502
1429,0.000501
1430,0.000501
1431,0.000500
1432,0.000500
1433,0.000499
1434,0.000499
1435,0.000498
1436,0.000498
1437,0.000497
1438,0.000497
1439,0.000496
1440,0.000496
1441,0.000495
1442,0.000495
1443,0.000495
1444,0.000494
1445,0.000494
1446,0.000493
1447,0.000493
1448,0.000492
1449,0.000492
1450,0.000491
1451,0.000491
1452,0.000490
1453,0.000490
1454,0.000489
1455,0.000489
1456,0.000488
1457,0.000488
1458,0.000488
1459,0.000487
1460,0.000487
1461,0.000486
1462,0.000486
1463,0.000485
1464,0.000485
1465,0.000484
1466,0.000484
1467,0.000483
1468,0.000483
1469,0.000482
1470,0.000482
1471,0.000482
1472,0.000481
1473,0.000481
1474,0.000480
1475,0.000480
1476,0.000479
1477,0.000479
1478,0.000478
1479,0.000478
1480,0.000478
1481,0.000477
1482,0.000477
1483,0.000476
1484,0.000476
1485,0.000475
1486,0.000475
1487,0.000474
1488,0.000474
1489,0.000474
1490,0.000473
1491,0.000473
1492,0.000472
1493,0.000472
1494,0.000471
1495,0.000471
1496,0.000470
1497,0.000470
1498,0.000470
1499,0.000469
1500,0.000469
1501,0.000468
1502,0.000468
1503,0.000467
1504,0.000467
1505,0.000467
1506,0.000466
1507,0.000466
1508,0.000465
1509,0.000465
1510,0.000464
1511,0.000464
1512,0.000464
1513,0.000463
1514,0.000463
1515,0.000462
1516,0.000462
1517,0.000462
1518,0.000461
1519,0.000461
1520,0.000460
1521,0.000460
1522,0.000459
1523,0.000459
1524,0.000459
1525,0.000458
1526,0.000458
1527,0.000457
1528,0.000457
1529,0.000457
1530,0.000456
1531,0.000456
1532,0.000455
1533,0.000455
1534,0.000455
1535,0.000454
1536,0.000454
1537,0.000453
1538,0.000453
1539,0.000453
1540,0.000452
1541,0.000452
1542,0.000451
1543,0.000451
1544,0.000451
1545,0.000450
1546,0.000450
1547,0.000449
1548,0.000449
1549,0.000449
1550,0.000448
1551,0.000448
1552,0.000447
1553,0.000447
1554,0.000447
1555,0.000446
1556,0.000446
1557,0.000445
1558,0.000445
1559,0.000445
1560,0.000444
1561,0.000444
1562,0.000443
1563,0.000443
1564,0.000443
1565,0.000442
1566,0.000442
1567,0.000441
1568,0.000441
1569,0.000441
1570,0.000440
1571,0.000440
1572,0.000440
1573,0.000439
1574,0.000439
1575,0.000438
1576,0.000438
1577,0.000438
1578,0.000437
1579,0.000437
1580,0.000437
1581,0.000436
1582,0.000436
1583,0.000435
1584,0.000435
1585,0.000435
1586,0.000434
1587,0.000434
1588,0.000434
1589,0.000433
1590,0.000433
1591,0.000432
1592,0.000432
1593,0.000432
1594,0.000431
1595,0.000431
1596,0.000431
1597,0.000430
1598,0.000430
1599,0.000429
1600,0.000429
1601,0.000429
1602,0.000428
1603,0.000428
1604,0.000428
1605,0.000427
1606,0.000427
1607,0.000427
1608,0.000426
1609,0.000426
1610,0.000425
1611,0.000425
1612,0.000425
1613,0.000424
1614,0.000424
1615,0.000424
1616,0.000423
1617,0.000423
1618,0.000423
1619,0.000422
1620,0.000422
1621,0.000422
1622,0.000421
1623,0.000421
1624,0.000421
1625,0.000420
1626,0.000420
1627,0.000419
1628,0.000419
1629,0.000419
1630,0.000418
1631,0.000418
1632,0.000418
1633,0.000417
1634,0.000417
1635,0.000417
1636,0.000416
1637,0.000416
1638,0.000416
1639,0.000415
1640,0.000415
1641,0.000415
1642,0.000414
1643,0.000414
1644,0.000414
1645,0.000413
1646,0.000413
1647,0.000413
1648,0.000412
1649,0.000412
1650,0.000412
1651,0.000411
1652,0.000411
1653,0.000411
1654,0.000410
1655,0.000410
1656,0.000410
1657,0.000409
1658,0.000409
1659,0.000409
1660,0.000408
1661,0.000408
1662,0.000408
1663,0.000407
1664,0.000407
1665,0.000407
1666,0.000406
1667,0.000406
1668,0.000406
1669,0.000405
1670,0.000405
1671,0.000405
1672,0.000404
1673,0.000404
1674,0.000404
1675,0.000403
1676,0.000403
1677,0.000403
1678,0.000402
1679,0.000402
1680,0.000402
1681,0.000401
1682,0.000401
1683,0.000401
1684,0.000400
1685,0.000400
1686,0.000400
1687,0.000399
1688,0.000399
1689,0.000399
1690,0.000398
1691,0.000398
1692,0.000398
1693,0.000397
1694,0.000397
1695,0.000397
1696,0.000397
1697,0.000396
1698,0.000396
1699,0.000396
1700,0.000395
1701,0.000395
1702,0.000395
1703,0.000394
1704,0.000394
1705,0.000394
1706,0.000393
1707,0.000393
1708,0.000393
1709,0.000392
1710,0.000392
1711,0.000392
1712,0.000392
1713,0.000391
1714,0.000391
1715,0.000391
1716,0.000390
1717,0.000390
1718,0.000390
1719,0.000389
1720,0.000389
1721,0.000389
1722,0.000388
1723,0.000388
1724,0.000388
1725,0.000388
1726,0.000387
1727,0.000387
1728,0.000387
1729,0.000386
1730,0.000386
1731,0.000386
1732,0.000385
1733,0.000385
1734,0.000385
1735,0.000385
1736,0.000384
1737,0.000384
1738,0.000384
1739,0.000383
1740,0.000383
1741,0.000383
1742,0.000382
1743,0.000382
1744,0.000382
1745,0.000382
1746,0.000381
1747,0.000381
1748,0.000381
1749,0.000380
1750,0.000380
1751,0.000380
1752,0.000380
1753,0.000379
1754,0.000379
1755,0.000379
1756,0.000378
1757,0.000378
1758,0.000378
1759,0.000378
1760,0.000377
1761,0.000377
1762,0.000377
1763,0.000376
1764,0.000376
1765,0.000376
1766,0.000376
1767,0.000375
1768,0.000375
1769,0.000375
1770,0.000374
1771,0.000374
1772,0.000374
1773,0.000374
1774,0.000373
1775,0.000373
1776,0.000373
1777,0.000372
1778,0.000372
1779,0.000372
1780,0.000372
1781,0.000371
1782,0.000371
1783,0.000371
1784,0.000370
1785,0.000370
1786,0.000370
1787,0.000370
1788,0.000369
1789,0.000369
1790,0.000369
1791,0.000369
1792,0.000368
1793,0.000368
1794,0.000368
1795,0.000367
1796,0.000367
1797,0.000367
1798,0.000367
1799,0.000366
1800,0.000366
1801,0.000366
1802,0.000366
1803,0.000365
1804,0.000365
1805,0.000365
1806,0.000364
1807,0.000364
1808,0.000364
1809,0.000364
1810,0.000363
1811,0.000363
1812,0.000363
1813,0.000363
1814,0.000362
1815,0.000362
1816,0.000362
1817,0.000361
1818,0.000361
1819,0.000361
1820,0.000361
1821,0.000360
1822,0.000360
1823,0.000360
1824,0.000360
1825,0.000359
1826,0.000359
1827,0.000359
1828,0.000359
1829,0.000358
1830,0.000358
1831,0.000358
1832,0.000358
1833,0.000357
1834,0.000357
1835,0.000357
1836,0.000356
1837,0.000356
1838,0.000356
1839,0.000356
1840,0.000355
1841,0.000355
1842,0.000355
1843,0.000355
1844,0.000354
1845,0.000354
1846,0.000354
1847,0.000354
1848,0.000353
1849,0.000353
1850,0.000353
1851,0.000353
1852,0.000352
1853,0.000352
1854,0.000352
1855,0.000352
1856,0.000351
1857,0.000351
1858,0.000351
1859,0.000351
1860,0.000350
1861,0.000350
1862,0.000350
1863,0.000350
1864,0.000349
1865,0.000349
1866,0.000349
1867,0.000349
1868,0.000348
1869,0.000348
1870,0.000348
1871,0.000348
1872,0.000347
1873,0.000347
1874,0.000347
1875,0.000347
1876,0.000346
1877,0.000346
1878,0.000346
1879,0.000346
1880,0.000345
1881,0.000345
1882,0.000345
1883,0.000345
1884,0.000344
1885,0.000344
1886,0.000344
1887,0.000344
1888,0.000343
1889,0.000343
1890,0.000343
1891,0.000343
1892,0.000343
1893,0.000342
1894,0.000342
1895,0.000342
1896,0.000342
1897,0.000341
1898,0.000341
1899,0.000341
1900,0.000341
1901,0.000340
1902,0.000340
1903,0.000340
1904,0.000340
1905,0.000339
1906,0.000339
1907,0.000339
1908,0.000339
1909,0.000338
1910,0.000338
1911,0.000338
1912,0.000338
1913,0.000338
1914,0.000337
1915,0.000337
1916,0.000337
1917,0.000337
1918,0.000336
1919,0.000336
1920,0.000336
1921,0.000336
1922,0.000335
1923,0.000335
1924,0.000335
1925,0.000335
1926,0.000335
1927,0.000334
1928,0.000334
1929,0.000334
1930,0.000334
1931,0.000333
1932,0.000333
1933,0.000333
1934,0.000333
1935,0.000332
1936,0.000332
1937,0.000332
1938,0.000332
1939,0.000332
1940,0.000331
1941,0.000331
1942,0.000331
1943,0.000331
1944,0.000330
1945,0.000330
1946,0.000330
1947,0.000330
1948,0.000330
1949,0.000329
1950,0.000329
1951,0.000329
1952,0.000329
1953,0.000328
1954,0.000328
1955,0.000328
1956,0.000328
1957,0.000328
1958,0.000327
1959,0.000327
1960,0.000327
1961,0.000327
1962,0.000326
1963,0.000326
1964,0.000326
1965,0.000326
1966,0.000326
1967,0.000325
1968,0.000325
1969,0.000325
1970,0.000325
1971,0.000324
1972,0.000324
1973,0.000324
1974,0.000324
1975,0.000324
1976,0.000323
1977,0.000323
1978,0.000323
1979,0.000323
1980,0.000323
1981,0.000322
1982,0.000322
1983,0.000322
1984,0.000322
1985,0.000321
1986,0.000321
1987,0.000321
1988,0.000321
1989,0.000321
1990,0.000320
1991,0.000320
1992,0.000320
1993,0.000320
1994,0.000320
1995,0.000319
1996,0.000319
1997,0.000319
1998,0.000319
1999,0.000318
2000,0.000318
2001,0.000318
2002,0.000318
2003,0.000318
2004,0.000317
2005,0.000317
2006,0.000317
2007,0.000317
2008,0.000317
2009,0.000316
2010,0.000316
2011,0.000316
2012,0.000316
2013,0.000316
2014,0.000315
2015,0.000315
2016,0.000315
2017,0.000315
2018,0.000315
2019,0.000314
2020,0.000314
2021,0.000314
2022,0.000314
2023,0.000314
2024,0.000313
2025,0.000313
2026,0.000313
2027,0.000313
2028,0.000312
2029,0.000312
2030,0.000312
2031,0.000312
2032,0.000312
2033,0.000311
2034,0.000311
2035,0.000311
2036,0.000311
2037,0.000311
2038,0.000310
2039,0.000310
2040,0.000310
2041,0.000310
2042,0.000310
2043,0.000309
2044,0.000309
2045,0.000309
2046,0.000309
2047,0.000309
2048,0.000308
2049,0.000308
2050,0.000308
2051,0.000308
2052,0.000308
2053,0.000307
2054,0.000307
2055,0.000307
2056,0.000307
2057,0.000307
2058,0.000307
2059,0.000306
2060,0.000306
2061,0.000306
2062,0.000306
2063,0.000306
2064,0.000305
2065,0.000305
2066,0.000305
2067,0.000305
2068,0.000305
2069,0.000304
2070,0.000304
2071,0.000304
2072,0.000304
2073,0.000304
2074,0.000303
2075,0.000303
2076,0.000303
2077,0.000303
2078,0.000303
2079,0.000302
2080,0.000302
2081,0.000302
2082,0.000302
2083,0.000302
2084,0.000302
2085,0.000301
2086,0.000301
2087,0.000301
2088,0.000301
2089,0.000301
2090,0.000300
2091,0.000300
2092,0.000300
2093,0.000300
2094,0.000300
2095,0.000299
2096,0.000299
2097,0.000299
2098,0.000299
2099,0.000299
2100,0.000299
2101,0.000298
2102,0.000298
2103,0.000298
2104,0.000298
2105,0.000298
2106,0.000297
2107,0.000297
2108,0.000297
2109,0.000297
2110,0.000297
2111,0.000296
2112,0.000296
2113,0.000296
2114,0.000296
2115,0.000296
2116,0.000296
2117,0.000295
2118,0.000295
2119,0.000295
2120,0.000295
2121,0.000295
2122,0.000294
2123,0.000294
2124,0.000294
2125,0.000294
2126,0.000294
2127,0.000294
2128,0.000293
2129,0.000293
2130,0.000293
2131,0.000293
2132,0.000293
2133,0.000292
2134,0.000292
2135,0.000292
2136,0.000292
2137,0.000292
2138,0.000292
2139,0.000291
2140,0.000291
2141,0.000291
2142,0.000291
2143,0.000291
2144,0.000291
2145,0.000290
2146,0.000290
2147,0.000290
2148,0.000290
2149,0.000290
2150,0.000289
2151,0.000289
2152,0.000289
2153,0.000289
2154,0.000289
2155,0.000289
2156,0.000288
2157,0.000288
2158,0.000288
2159,0.000288
2160,0.000288
2161,0.000288
2162,0.000287
2163,0.000287
2164,0.000287
2165,0.000287
2166,0.000287
2167,0.000286
2168,0.000286
2169,0.000286
2170,0.000286
2171,0.000286
2172,0.000286
2173,0.000285
2174,0.000285
2175,0.000285
2176,0.000285
2177,0.000285
2178,0.000285
2179,0.000284
2180,0.000284
2181,0.000284
2182,0.000284
2183,0.000284
2184,0.000284
2185,0.000283
2186,0.000283
2187,0.000283
2188,0.000283
2189,0.000283
2190,0.000283
2191,0.000282
2192,0.000282
2193,0.000282
2194,0.000282
2195,0.000282
2196,0.000282
2197,0.000281
2198,0.000281
2199,0.000281
2200,0.000281
2201,0.000281
2202,0.000281
2203,0.000280
2204,0.000280
2205,0.000280
2206,0.000280
2207,0.000280
2208,0.000280
2209,0.000279
2210,0.000279
2211,0.000279
2212,0.000279
2213,0.000279
2214,0.000279
2215,0.000278
2216,0.000278
2217,0.000278
2218,0.000278
2219,0.000278
2220,0.000278
2221,0.000277
2222,0.000277
2223,0.000277
2224,0.000277
2225,0.000277
2226,0.000277
2227,0.000276
2228,0.000276
2229,0.000276
2230,0.000276
2231,0.000276
2232,0.000276
2233,0.000276
2234,0.000275
2235,0.000275
2236,0.000275
2237,0.000275
2238,0.000275
2239,0.000275
2240,0.000274
2241,0.000274
2242,0.000274
2243,0.000274
2244,0.000274
2245,0.000274
2246,0.000273
2247,0.000273
2248,0.000273
2249,0.000273
2250,0.000273
2251,0.000273
2252,0.000273
2253,0.000272
2254,0.000272
2255,0.000272
2256,0.000272
2257,0.000272
2258,0.000272
2259,0.000271
2260,0.000271
2261,0.000271
2262,0.000271
2263,0.000271
2264,0.000271
2265,0.000270
2266,0.000270
2267,0.000270
2268,0.000270
2269,0.000270
2270,0.000270
2271,0.000270
2272,0.000269
2273,0.000269
2274,0.000269
2275,0.000269
2276,0.000269
2277,0.000269
2278,0.000268
2279,0.000268
2280,0.000268
2281,0.000268
2282,0.000268
2283,0.000268
2284,0.000268
2285,0.000267
2286,0.000267
2287,0.000267
2288,0.000267
2289,0.000267
2290,0.000267
2291,0.000266
2292,0.000266
2293,0.000266
2294,0.000266
2295,0.000266
2296,0.000266
2297,0.000266
2298,0.000265
2299,0.000265
2300,0.000265
2301,0.000265
2302,0.000265
2303,0.000265
2304,0.000265
2305,0.000264
2306,0.000264
2307,0.000264
2308,0.000264
2309,0.000264
2310,0.000264
2311,0.000264
2312,0.000263
2313,0.000263
2314,0.000263
2315,0.000263
2316,0.000263
2317,0.000263
2318,0.000262
2319,0.000262
2320,0.000262
2321,0.000262
2322,0.000262
2323,0.000262
2324,0.000262
2325,0.000261
2326,0.000261
2327,0.000261
2328,0.000261
2329,0.000261
2330,0.000261
2331,0.000261
2332,0.000260
2333,0.000260
2334,0.000260
2335,0.000260
2336,0.000260
2337,0.000260
2338,0.000260
2339,0.000259
2340,0.000259
2341,0.000259
2342,0.000259
2343,0.000259
2344,0.000259
2345,0.000259
2346,0.000258
2347,0.000258
2348,0.000258
2349,0.000258
2350,0.000258
2351,0.000258
2352,0.000258
2353,0.000257
2354,0.000257
2355,0.000257
2356,0.000257
2357,0.000257
2358,0.000257
2359,0.000257
2360,0.000256
2361,0.000256
2362,0.000256
2363,0.000256
2364,0.000256
2365,0.000256
2366,0.000256
2367,0.000255
2368,0.000255
2369,0.000255
2370,0.000255
2371,0.000255
2372,0.000255
2373,0.000255
2374,0.000255
2375,0.000254
2376,0.000254
2377,0.000254
2378,0.000254
2379,0.000254
2380,0.000254
2381,0.000254
2382,0.000253
2383,0.000253
2384,0.000253
2385,0.000253
2386,0.000253
2387,0.000253
2388,0.000253
2389,0.000252
2390,0.000252
2391,0.000252
2392,0.000252
2393,0.000252
2394,0.000252
2395,0.000252
2396,0.000252
2397,0.000251
2398,0.000251
2399,0.000251
2400,0.000251
2401,0.000251
2402,0.000251
2403,0.000251
2404,0.000250
2405,0.000250
2406,0.000250
2407,0.000250
2408,0.000250
2409,0.000250
2410,0.000250
2411,0.000249
2412,0.000249
2413,0.000249
2414,0.000249
2415,0.000249
2416,0.000249
2417,0.000249
2418,0.000249
2419,0.000248
2420,0.000248
2421,0.000248
2422,0.000248
2423,0.000248
2424,0.000248
2425,0.000248
2426,0.000248
2427,0.000247
2428,0.000247
2429,0.000247
2430,0.000247
2431,0.000247
2432,0.000247
2433,0.000247
2434,0.000246
2435,0.000246
2436,0.000246
2437,0.000246
2438,0.000246
2439,0.000246
2440,0.000246
2441,0.000246
2442,0.000245
2443,0.000245
2444,0.000245
2445,0.000245
2446,0.000245
2447,0.000245
2448,0.000245
2449,0.000245
2450,0.000244
2451,0.000244
2452,0.000244
2453,0.000244
2454,0.000244
2455,0.000244
2456,0.000244
2457,0.000243
2458,0.000243
2459,0.000243
2460,0.000243
2461,0.000243
2462,0.000243
2463,0.000243
2464,0.000243
2465,0.000242
2466,0.000242
2467,0.000242
2468,0.000242
2469,0.000242
2470,0.000242
2471,0.000242
2472,0.000242
2473,0.000241
2474,0.000241
2475,0.000241
2476,0.000241
2477,0.000241
2478,0.000241
2479,0.000241
2480,0.000241
2481,0.000240
2482,0.000240
2483,0.000240
2484,0.000240
2485,0.000240
2486,0.000240
2487,0.000240
2488,0.000240
2489,0.000239
2490,0.000239
2491,0.000239
2492,0.000239
2493,0.000239
2494,0.000239
2495,0.000239
2496,0.000239
2497,0.000238
2498,0.000238
2499,0.000238
2500,0.000238
2501,0.000238
2502,0.000238
2503,0.000238
2504,0.000238
2505,0.000238
2506,0.000237
2507,0.000237
2508,0.000237
2509,0.000237
2510,0.000237
2511,0.000237
2512,0.000237
2513,0.000237
2514,0.000236
2515,0.000236
2516,0.000236
2517,0.000236
2518,0.000236
2519,0.000236
2520,0.000236
2521,0.000236
2522,0.000235
2523,0.000235
2524,0.000235
2525,0.000235
2526,0.000235
2527,0.000235
2528,0.000235
2529,0.000235
2530,0.000235
2531,0.000234
2532,0.000234
2533,0.000234
2534,0.000234
2535,0.000234
2536,0.000234
2537,0.000234
2538,0.000234
2539,0.000233
2540,0.000233
2541,0.000233
2542,0.000233
2543,0.000233
2544,0.000233
2545,0.000233
2546,0.000233
2547,0.000233
2548,0.000232
2549,0.000232
2550,0.000232
2551,0.000232
2552,0.000232
2553,0.000232
2554,0.000232
2555,0.000232
2556,0.000231
2557,0.000231
2558,0.000231
2559,0.000231
2560,0.000231
2561,0.000231
2562,0.000231
2563,0.000231
2564,0.000231
2565,0.000230
2566,0.000230
2567,0.000230
2568,0.000230
2569,0.000230
2570,0.000230
2571,0.000230
2572,0.000230
2573,0.000230
2574,0.000229
2575,0.000229
2576,0.000229
2577,0.000229
2578,0.000229
2579,0.000229
2580,0.000229
2581,0.000229
2582,0.000228
2583,0.000228
2584,0.000228
2585,0.000228
2586,0.000228
2587,0.000228
2588,0.000228
2589,0.000228
2590,0.000228
2591,0.000227
2592,0.000227
2593,0.000227
2594,0.000227
2595,0.000227
2596,0.000227
2597,0.000227
2598,0.000227
2599,0.000227
2600,0.000226
2601,0.000226
2602,0.000226
2603,0.000226
2604,0.000226
2605,0.000226
2606,0.000226
2607,0.000226
2608,0.000226
2609,0.000225
2610,0.000225
2611,0.000225
2612,0.000225
2613,0.000225
2614,0.000225
2615,0.000225
2616,0.000225
2617,0.000225
2618,0.000224
2619,0.000224
2620,0.000224
2621,0.000224
2622,0.000224
2623,0.000224
2624,0.000224
2625,0.000224
2626,0.000224
2627,0.000223
2628,0.000223
2629,0.000223
2630,0.000223
2631,0.000223
2632,0.000223
2633,0.000223
2634,0.000223
2635,0.000223
2636,0.000223
2637,0.000222
2638,0.000222
2639,0.000222
2640,0.000222
2641,0.000222
2642,0.000222
2643,0.000222
2644,0.000222
2645,0.000222
2646,0.000221
2647,0.000221
2648,0.000221
2649,0.000221
2650,0.000221
2651,0.000221
2652,0.000221
2653,0.000221
2654,0.000221
2655,0.000220
2656,0.000220
2657,0.000220
2658,0.000220
2659,0.000220
2660,0.000220
2661,0.000220
2662,0.000220
2663,0.000220
2664,0.000220
2665,0.000219
2666,0.000219
2667,0.000219
2668,0.000219
2669,0.000219
2670,0.000219
2671,0.000219
2672,0.000219
2673,0.000219
2674,0.000218
2675,0.000218
2676,0.000218
2677,0.000218
2678,0.000218
2679,0.000218
2680,0.000218
2681,0.000218
2682,0.000218
2683,0.000218
2684,0.000217
2685,0.000217
2686,0.000217
2687,0.000217
2688,0.000217
2689,0.000217
2690,0.000217
2691,0.000217
2692,0.000217
2693,0.000217
2694,0.000216
2695,0.000216
2696,0.000216
2697,0.000216
2698,0.000216
2699,0.000216
2700,0.000216
2701,0.000216
2702,0.000216
2703,0.000216
2704,0.000215
2705,0.000215
2706,0.000215
2707,0.000215
2708,0.000215
2709,0.000215
2710,0.000215
2711,0.000215
2712,0.000215
2713,0.000215
2714,0.000214
2715,0.000214
2716,0.000214
2717,0.000214
2718,0.000214
2719,0.000214
2720,0.000214
2721,0.000214
2722,0.000214
2723,0.000214
2724,0.000213
2725,0.000213
2726,0.000213
2727,0.000213
2728,0.000213
2729,0.000213
2730,0.000213
2731,0.000213
2732,0.000213
2733,0.000213
2734,0.000212
2735,0.000212
2736,0.000212
2737,0.000212
2738,0.000212
2739,0.000212
2740,0.000212
2741,0.000212
2742,0.000212
2743,0.000212
2744,0.000211
2745,0.000211
2746,0.000211
2747,0.000211
2748,0.000211
2749,0.000211
2750,0.000211
2751,0.000211
2752,0.000211
2753,0.000211
2754,0.000210
2755,0.000210
2756,0.000210
2757,0.000210
2758,0.000210
2759,0.000210
2760,0.000210
2761,0.000210
2762,0.000210
2763,0.000210
2764,0.000209
2765,0.000209
2766,0.000209
2767,0.000209
2768,0.000209
2769,0.000209
2770,0.000209
2771,0.000209
2772,0.000209
2773,0.000209
2774,0.000209
2775,0.000208
2776,0.000208
2777,0.000208
2778,0.000208
2779,0.000208
2780,0.000208
2781,0.000208
2782,0.000208
2783,0.000208
2784,0.000208
2785,0.000207
2786,0.000207
2787,0.000207
2788,0.000207
2789,0.000207
2790,0.000207
2791,0.000207
2792,0.000207
2793,0.000207
2794,0.000207
2795,0.000207
2796,0.000206
2797,0.000206
2798,0.000206
2799,0.000206
2800,0.000206
2801,0.000206
2802,0.000206
2803,0.000206
2804,0.000206
2805,0.000206
2806,0.000206
2807,0.000205
2808,0.000205
2809,0.000205
2810,0.000205
2811,0.000205
2812,0.000205
2813,0.000205
2814,0.000205
2815,0.000205
2816,0.000205
2817,0.000205
2818,0.000204
2819,0.000204
2820,0.000204
2821,0.000204
2822,0.000204
2823,0.000204
2824,0.000204
2825,0.000204
2826,0.000204
2827,0.000204
2828,0.000203
2829,0.000203
2830,0.000203
2831,0.000203
2832,0.000203
2833,0.000203
2834,0.000203
2835,0.000203
2836,0.000203
2837,0.000203
2838,0.000203
2839,0.000202
2840,0.000202
2841,0.000202
2842,0.000202
2843,0.000202
2844,0.000202
2845,0.000202
2846,0.000202
2847,0.000202
2848,0.000202
2849,0.000202
2850,0.000202
2851,0.000201
2852,0.000201
2853,0.000201
2854,0.000201
2855,0.000201
2856,0.000201
2857,0.000201
2858,0.000201
2859,0.000201
2860,0.000201
2861,0.000201
2862,0.000200
2863,0.000200
2864,0.000200
2865,0.000200
2866,0.000200
2867,0.000200
2868,0.000200
2869,0.000200
2870,0.000200
2871,0.000200
2872,0.000200
2873,0.000199
2874,0.000199
2875,0.000199
2876,0.000199
2877,0.000199
2878,0.000199
2879,0.000199
2880,0.000199
2881,0.000199
2882,0.000199
2883,0.000199
2884,0.000199
2885,0.000198
2886,0.000198
2887,0.000198
2888,0.000198
2889,0.000198
2890,0.000198
2891,0.000198
2892,0.000198
2893,0.000198
2894,0.000198
2895,0.000198
2896,0.000197
2897,0.000197
2898,0.000197
2899,0.000197
2900,0.000197
2901,0.000197
2902,0.000197
2903,0.000197
2904,0.000197
2905,0.000197
2906,0.000197
2907,0.000197
2908,0.000196
2909,0.000196
2910,0.000196
2911,0.000196
2912,0.000196
2913,0.000196
2914,0.000196
2915,0.000196
2916,0.000196
2917,0.000196
2918,0.000196
2919,0.000196
2920,0.000195
2921,0.000195
2922,0.000195
2923,0.000195
2924,0.000195
2925,0.000195
2926,0.000195
2927,0.000195
2928,0.000195
2929,0.000195
2930,0.000195
2931,0.000194
2932,0.000194
2933,0.000194
2934,0.000194
2935,0.000194
2936,0.000194
2937,0.000194
2938,0.000194
2939,0.000194
2940,0.000194
2941,0.000194
2942,0.000194
2943,0.000193
2944,0.000193
2945,0.000193
2946,0.000193
2947,0.000193
2948,0.000193
2949,0.000193
2950,0.000193
2951,0.000193
2952,0.000193
2953,0.000193
2954,0.000193
2955,0.000193
2956,0.000192
2957,0.000192
2958,0.000192
2959,0.000192
2960,0.000192
2961,0.000192
2962,0.000192
2963,0.000192
2964,0.000192
2965,0.000192
2966,0.000192
2967,0.000192
2968,0.000191
2969,0.000191
2970,0.000191
2971,0.000191
2972,0.000191
2973,0.000191
2974,0.000191
2975,0.000191
2976,0.000191
2977,0.000191
2978,0.000191
2979,0.000191
2980,0.000190
2981,0.000190
2982,0.000190
2983,0.000190
2984,0.000190
2985,0.000190
2986,0.000190
2987,0.000190
2988,0.000190
2989,0.000190
2990,0.000190
2991,0.000190
2992,0.000190
2993,0.000189
2994,0.000189
2995,0.000189
2996,0.000189
2997,0.000189
2998,0.000189
2999,0.000189
3000,0.000189
3001,0.000189
3002,0.000189
3003,0.000189
3004,0.000189
3005,0.000188
3006,0.000188
3007,0.000188
3008,0.000188
3009,0.000188
3010,0.000188
3011,0.000188
3012,0.000188
3013,0.000188
3014,0.000188
3015,0.000188
3016,0.000188
3017,0.000188
3018,0.000187
3019,0.000187
3020,0.000187
3021,0.000187
3022,0.000187
3023,0.000187
3024,0.000187
3025,0.000187
3026,0.000187
3027,0.000187
3028,0.000187
3029,0.000187
3030,0.000187
3031,0.000186
3032,0.000186
3033,0.000186
3034,0.000186
3035,0.000186
3036,0.000186
3037,0.000186
3038,0.000186
3039,0.000186
3040,0.000186
3041,0.000186
3042,0.000186
3043,0.000186
3044,0.000185
3045,0.000185
3046,0.000185
3047,0.000185
3048,0.000185
3049,0.000185
3050,0.000185
3051,0.000185
3052,0.000185
3053,0.000185
3054,0.000185
3055,0.000185
3056,0.000185
3057,0.000184
3058,0.000184
3059,0.000184
3060,0.000184
3061,0.000184
3062,0.000184
3063,0.000184
3064,0.000184
3065,0.000184
3066,0.000184
3067,0.000184
3068,0.000184
3069,0.000184
3070,0.000183
3071,0.000183
3072,0.000183
3073,0.000183
3074,0.000183
3075,0.000183
3076,0.000183
3077,0.000183
3078,0.000183
3079,0.000183
3080,0.000183
3081,0.000183
3082,0.000183
3083,0.000182
3084,0.000182
3085,0.000182
3086,0.000182
3087,0.000182
3088,0.000182
3089,0.000182
3090,0.000182
3091,0.000182
3092,0.000182
3093,0.000182
3094,0.000182
3095,0.000182
3096,0.000182
3097,0.000181
3098,0.000181
3099,0.000181
3100,0.000181
3101,0.000181
3102,0.000181
3103,0.000181
3104,0.000181
3105,0.000181
3106,0.000181
3107,0.000181
3108,0.000181
3109,0.000181
3110,0.000181
3111,0.000180
3112,0.000180
3113,0.000180
3114,0.000180
3115,0.000180
3116,0.000180
3117,0.000180
3118,0.000180
3119,0.000180
3120,0.000180
3121,0.000180
3122,0.000180
3123,0.000180
3124,0.000179
3125,0.000179
3126,0.000179
3127,0.000179
3128,0.000179
3129,0.000179
3130,0.000179
3131,0.000179
3132,0.000179
3133,0.000179
3134,0.000179
3135,0.000179
3136,0.000179
3137,0.000179
3138,0.000178
3139,0.000178
3140,0.000178
3141,0.000178
3142,0.000178
3143,0.000178
3144,0.000178
3145,0.000178
3146,0.000178
3147,0.000178
3148,0.000178
3149,0.000178
3150,0.000178
3151,0.000178
3152,0.000177
3153,0.000177
3154,0.000177
3155,0.000177
3156,0.000177
3157,0.000177
3158,0.000177
3159,0.000177
3160,0.000177
3161,0.000177
3162,0.000177
3163,0.000177
3164,0.000177
3165,0.000177
3166,0.000177
3167,0.000176
3168,0.000176
3169,0.000176
3170,0.000176
3171,0.000176
3172,0.000176
3173,0.000176
3174,0.000176
3175,0.000176
3176,0.000176
3177,0.000176
3178,0.000176
3179,0.000176
3180,0.000176
3181,0.000175
3182,0.000175
3183,0.000175
3184,0.000175
3185,0.000175
3186,0.000175
3187,0.000175
3188,0.000175
3189,0.000175
3190,0.000175
3191,0.000175
3192,0.000175
3193,0.000175
3194,0.000175
3195,0.000175
3196,0.000174
3197,0.000174
3198,0.000174
3199,0.000174
3200,0.000174
3201,0.000174
3202,0.000174
3203,0.000174
3204,0.000174
3205,0.000174
3206,0.000174
3207,0.000174
3208,0.000174
3209,0.000174
3210,0.000173
3211,0.000173
3212,0.000173
3213,0.000173
3214,0.000173
3215,0.000173
3216,0.000173
3217,0.000173
3218,0.000173
3219,0.000173
3220,0.000173
3221,0.000173
3222,0.000173
3223,0.000173
3224,0.000173
3225,0.000172
3226,0.000172
3227,0.000172
3228,0.000172
3229,0.000172
3230,0.000172
3231,0.000172
3232,0.000172
3233,0.000172
3234,0.000172
3235,0.000172
3236,0.000172
3237,0.000172
3238,0.000172
3239,0.000172
3240,0.000171
3241,0.000171
3242,0.000171
3243,0.000171
3244,0.000171
3245,0.000171
3246,0.000171
3247,0.000171
3248,0.000171
3249,0.000171
3250,0.000171
3251,0.000171
3252,0.000171
3253,0.000171
3254,0.000171
3255,0.000170
3256,0.000170
3257,0.000170
3258,0.000170
3259,0.000170
3260,0.000170
3261,0.000170
3262,0.000170
3263,0.000170
3264,0.000170
3265,0.000170
3266,0.000170
3267,0.000170
3268,0.000170
3269,0.000170
3270,0.000170
3271,0.000169
3272,0.000169
3273,0.000169
3274,0.000169
3275,0.000169
3276,0.000169
3277,0.000169
3278,0.000169
3279,0.000169
3280,0.000169
3281,0.000169
3282,0.000169
3283,0.000169
3284,0.000169
3285,0.000169
3286,0.000168
3287,0.000168
3288,0.000168
3289,0.000168
3290,0.000168
3291,0.000168
3292,0.000168
3293,0.000168
3294,0.000168
3295,0.000168
3296,0.000168
3297,0.000168
3298,0.000168
3299,0.000168
3300,0.000168
3301,0.000168
3302,0.000167
3303,0.000167
3304,0.000167
3305,0.000167
3306,0.000167
3307,0.000167
3308,0.000167
3309,0.000167
3310,0.000167
3311,0.000167
3312,0.000167
3313,0.000167
3314,0.000167
3315,0.000167
3316,0.000167
3317,0.000167
3318,0.000166
3319,0.000166
3320,0.000166
3321,0.000166
3322,0.000166
3323,0.000166
3324,0.000166
3325,0.000166
3326,0.000166
3327,0.000166
3328,0.000166
3329,0.000166
3330,0.000166
3331,0.000166
3332,0.000166
3333,0.000166
3334,0.000165
3335,0.000165
3336,0.000165
3337,0.000165
3338,0.000165
3339,0.000165
3340,0.000165
3341,0.000165
3342,0.000165
3343,0.000165
3344,0.000165
3345,0.000165
3346,0.000165
3347,0.000165
3348,0.000165
3349,0.000165
3350,0.000164
3351,0.000164
3352,0.000164
3353,0.000164
3354,0.000164
3355,0.000164
3356,0.000164
3357,0.000164
3358,0.000164
3359,0.000164
3360,0.000164
3361,0.000164
3362,0.000164
3363,0.000164
3364,0.000164
3365,0.000164
3366,0.000164
3367,0.000163
3368,0.000163
3369,0.000163
3370,0.000163
3371,0.000163
3372,0.000163
3373,0.000163
3374,0.000163
3375,0.000163
3376,0.000163
3377,0.000163
3378,0.000163
3379,0.000163
3380,0.000163
3381,0.000163
3382,0.000163
3383,0.000162
3384,0.000162
3385,0.000162
3386,0.000162
3387,0.000162
3388,0.000162
3389,0.000162
3390,0.000162
3391,0.000162
3392,0.000162
3393,0.000162
3394,0.000162
3395,0.000162
3396,0.000162
3397,0.000162
3398,0.000162
3399,0.000162
3400,0.000161
3401,0.000161
3402,0.000161
3403,0.000161
3404,0.000161
3405,0.000161
3406,0.000161
3407,0.000161
3408,0.000161
3409,0.000161
3410,0.000161
3411,0.000161
3412,0.000161
3413,0.000161
3414,0.000161
3415,0.000161
3416,0.000161
3417,0.000160
3418,0.000160
3419,0.000160
3420,0.000160
3421,0.000160
3422,0.000160
3423,0.000160
3424,0.000160
3425,0.000160
3426,0.000160
3427,0.000160
3428,0.000160
3429,0.000160
3430,0.000160
3431,0.000160
3432,0.000160
3433,0.000160
3434,0.000159
3435,0.000159
3436,0.000159
3437,0.000159
3438,0.000159
3439,0.000159
3440,0.000159
3441,0.000159
3442,0.000159
3443,0.000159
3444,0.000159
3445,0.000159
3446,0.000159
3447,0.000159
3448,0.000159
3449,0.000159
3450,0.000159
3451,0.000159
3452,0.000158
3453,0.000158
3454,0.000158
3455,0.000158
3456,0.000158
3457,0.000158
3458,0.000158
3459,0.000158
3460,0.000158
3461,0.000158
3462,0.000158
3463,0.000158
3464,0.000158
3465,0.000158
3466,0.000158
3467,0.000158
3468,0.000158
3469,0.000157
3470,0.000157
3471,0.000157
3472,0.000157
3473,0.000157
3474,0.000157
3475,0.000157
3476,0.000157
3477,0.000157
3478,0.000157
3479,0.000157
3480,0.000157
3481,0.000157
3482,0.000157
3483,0.000157
3484,0.000157
3485,0.000157
3486,0.000157
3487,0.000156
3488,0.000156
3489,0.000156
3490,0.000156
3491,0.000156
3492,0.000156
3493,0.000156
3494,0.000156
3495,0.000156
3496,0.000156
3497,0.000156
3498,0.000156
3499,0.000156
3500,0.000156
3501,0.000156
3502,0.000156
3503,0.000156
3504,0.000156
3505,0.000155
3506,0.000155
3507,0.000155
3508,0.000155
3509,0.000155
3510,0.000155
3511,0.000155
3512,0.000155
3513,0.000155
3514,0.000155
3515,0.000155
3516,0.000155
3517,0.000155
3518,0.000155
3519,0.000155
3520,0.000155
3521,0.000155
3522,0.000155
3523,0.000154
3524,0.000154
3525,0.000154
3526,0.000154
3527,0.000154
3528,0.000154
3529,0.000154
3530,0.000154
3531,0.000154
3532,0.000154
3533,0.000154
3534,0.000154
3535,0.000154
3536,0.000154
3537,0.000154
3538,0.000154
3539,0.000154
3540,0.000154
3541,0.000154
3542,0.000153
3543,0.000153
3544,0.000153
3545,0.000153
3546,0.000153
3547,0.000153
3548,0.000153
3549,0.000153
3550,0.000153
3551,0.000153
3552,0.000153
3553,0.000153
3554,0.000153
3555,0.000153
3556,0.000153
3557,0.000153
3558,0.000153
3559,0.000153
3560,0.000152
3561,0.000152
3562,0.000152
3563,0.000152
3564,0.000152
3565,0.000152
3566,0.000152
3567,0.000152
3568,0.000152
3569,0.000152
3570,0.000152
3571,0.000152
3572,0.000152
3573,0.000152
3574,0.000152
3575,0.000152
3576,0.000152
3577,0.000152
3578,0.000152
3579,0.000151
3580,0.000151
3581,0.000151
3582,0.000151
3583,0.000151
3584,0.000151
3585,0.000151
3586,0.000151
3587,0.000151
3588,0.000151
3589,0.000151
3590,0.000151
3591,0.000151
3592,0.000151
3593,0.000151
3594,0.000151
3595,0.000151
3596,0.000151
3597,0.000151
3598,0.000151
3599,0.000150
3600,0.000150
3601,0.000150
3602,0.000150
3603,0.000150
3604,0.000150
3605,0.000150
3606,0.000150
3607,0.000150
3608,0.000150
3609,0.000150
3610,0.000150
3611,0.000150
3612,0.000150
3613,0.000150
3614,0.000150
3615,0.000150
3616,0.000150
3617,0.000150
3618,0.000149
3619,0.000149
3620,0.000149
3621,0.000149
3622,0.000149
3623,0.000149
3624,0.000149
3625,0.000149
3626,0.000149
3627,0.000149
3628,0.000149
3629,0.000149
3630,0.000149
3631,0.000149
3632,0.000149
3633,0.000149
3634,0.000149
3635,0.000149
3636,0.000149
3637,0.000149
3638,0.000148
3639,0.000148
3640,0.000148
3641,0.000148
3642,0.000148
3643,0.000148
3644,0.000148
3645,0.000148
3646,0.000148
3647,0.000148
3648,0.000148
3649,0.000148
3650,0.000148
3651,0.000148
3652,0.000148
3653,0.000148
3654,0.000148
3655,0.000148
3656,0.000148
3657,0.000148
3658,0.000147
3659,0.000147
3660,0.000147
3661,0.000147
3662,0.000147
3663,0.000147
3664,0.000147
3665,0.000147
3666,0.000147
3667,0.000147
3668,0.000147
3669,0.000147
3670,0.000147
3671,0.000147
3672,0.000147
3673,0.000147
3674,0.000147
3675,0.000147
3676,0.000147
3677,0.000147
3678,0.000146
3679,0.000146
3680,0.000146
3681,0.000146
3682,0.000146
3683,0.000146
3684,0.000146
3685,0.000146
3686,0.000146
3687,0.000146
3688,0.000146
3689,0.000146
3690,0.000146
3691,0.000146
3692,0.000146
3693,0.000146
3694,0.000146
3695,0.000146
3696,0.000146
3697,0.000146
3698,0.000145
3699,0.000145
3700,0.000145
3701,0.000145
3702,0.000145
3703,0.000145
3704,0.000145
3705,0.000145
3706,0.000145
3707,0.000145
3708,0.000145
3709,0.000145
3710,0.000145
3711,0.000145
3712,0.000145
3713,0.000145
3714,0.000145
3715,0.000145
3716,0.000145
3717,0.000145
3718,0.000145
3719,0.000144
3720,0.000144
3721,0.000144
3722,0.000144
3723,0.000144
3724,0.000144
3725,0.000144
3726,0.000144
3727,0.000144
3728,0.000144
3729,0.000144
3730,0.000144
3731,0.000144
3732,0.000144
3733,0.000144
3734,0.000144
3735,0.000144
3736,0.000144
3737,0.000144
3738,0.000144
3739,0.000144
3740,0.000143
3741,0.000143
3742,0.000143
3743,0.000143
3744,0.000143
3745,0.000143
3746,0.000143
3747,0.000143
3748,0.000143
3749,0.000143
3750,0.000143
3751,0.000143
3752,0.000143
3753,0.000143
3754,0.000143
3755,0.000143
3756,0.000143
3757,0.000143
3758,0.000143
3759,0.000143
3760,0.000143
3761,0.000142
3762,0.000142
3763,0.000142
3764,0.000142
3765,0.000142
3766,0.000142
3767,0.000142
3768,0.000142
3769,0.000142
3770,0.000142
3771,0.000142
3772,0.000142
3773,0.000142
3774,0.000142
3775,0.000142
3776,0.000142
3777,0.000142
3778,0.000142
3779,0.000142
3780,0.000142
3781,0.000142
3782,0.000141
3783,0.000141
3784,0.000141
3785,0.000141
3786,0.000141
3787,0.000141
3788,0.000141
3789,0.000141
3790,0.000141
3791,0.000141
3792,0.000141
3793,0.000141
3794,0.000141
3795,0.000141
3796,0.000141
3797,0.000141
3798,0.000141
3799,0.000141
3800,0.000141
3801,0.000141
3802,0.000141
3803,0.000141
3804,0.000140
3805,0.000140
3806,0.000140
3807,0.000140
3808,0.000140
3809,0.000140
3810,0.000140
3811,0.000140
3812,0.000140
3813,0.000140
3814,0.000140
3815,0.000140
3816,0.000140
3817,0.000140
3818,0.000140
3819,0.000140
3820,0.000140
3821,0.000140
3822,0.000140
3823,0.000140
3824,0.000140
3825,0.000140
3826,0.000139
3827,0.000139
3828,0.000139
3829,0.000139
3830,0.000139
3831,0.000139
3832,0.000139
3833,0.000139
3834,0.000139
3835,0.000139
3836,0.000139
3837,0.000139
3838,0.000139
3839,0.000139
3840,0.000139
3841,0.000139
3842,0.000139
3843,0.000139
3844,0.000139
3845,0.000139
3846,0.000139
3847,0.000139
3848,0.000139
3849,0.000138
3850,0.000138
3851,0.000138
3852,0.000138
3853,0.000138
3854,0.000138
3855,0.000138
3856,0.000138
3857,0.000138
3858,0.000138
3859,0.000138
3860,0.000138
3861,0.000138
3862,0.000138
3863,0.000138
3864,0.000138
3865,0.000138
3866,0.000138
3867,0.000138
3868,0.000138
3869,0.000138
3870,0.000138
3871,0.000137
3872,0.000137
3873,0.000137
3874,0.000137
3875,0.000137
3876,0.000137
3877,0.000137
3878,0.000137
3879,0.000137
3880,0.000137
3881,0.000137
3882,0.000137
3883,0.000137
3884,0.000137
3885,0.000137
3886,0.000137
3887,0.000137
3888,0.000137
3889,0.000137
3890,0.000137
3891,0.000137
3892,0.000137
3893,0.000137
3894,0.000136
3895,0.000136
3896,0.000136
3897,0.000136
3898,0.000136
3899,0.000136
3900,0.000136
3901,0.000136
3902,0.000136
3903,0.000136
3904,0.000136
3905,0.000136
3906,0.000136
3907,0.000136
3908,0.000136
3909,0.000136
3910,0.000136
3911,0.000136
3912,0.000136
3913,0.000136
3914,0.000136
3915,0.000136
3916,0.000136
3917,0.000136
3918,0.000135
3919,0.000135
3920,0.000135
3921,0.000135
3922,0.000135
3923,0.000135
3924,0.000135
3925,0.000135
3926,0.000135
3927,0.000135
3928,0.000135
3929,0.000135
3930,0.000135
3931,0.000135
3932,0.000135
3933,0.000135
3934,0.000135
3935,0.000135
3936,0.000135
3937,0.000135
3938,0.000135
3939,0.000135
3940,0.000135
3941,0.000134
3942,0.000134
3943,0.000134
3944,0.000134
3945,0.000134
3946,0.000134
3947,0.000134
3948,0.000134
3949,0.000134
3950,0.000134
3951,0.000134
3952,0.000134
3953,0.000134
3954,0.000134
3955,0.000134
3956,0.000134
3957,0.000134
3958,0.000134
3959,0.000134
3960,0.000134
3961,0.000134
3962,0.000134
3963,0.000134
3964,0.000134
3965,0.000133
3966,0.000133
3967,0.000133
3968,0.000133
3969,0.000133
3970,0.000133
3971,0.000133
3972,0.000133
3973,0.000133
3974,0.000133
3975,0.000133
3976,0.000133
3977,0.000133
3978,0.000133
3979,0.000133
3980,0.000133
3981,0.000133
3982,0.000133
3983,0.000133
3984,0.000133
3985,0.000133
3986,0.000133
3987,0.000133
3988,0.000133
3989,0.000133
3990,0.000132
3991,0.000132
3992,0.000132
3993,0.000132
3994,0.000132
3995,0.000132
3996,0.000132
3997,0.000132
3998,0.000132
3999,0.000132
4000,0.000132
4001,0.000132
4002,0.000132
4003,0.000132
4004,0.000132
4005,0.000132
4006,0.000132
4007,0.000132
4008,0.000132
4009,0.000132
4010,0.000132
4011,0.000132
4012,0.000132
4013,0.000132
4014,0.000131
4015,0.000131
4016,0.000131
4017,0.000131
4018,0.000131
4019,0.000131
4020,0.000131
4021,0.000131
4022,0.000131
4023,0.000131
4024,0.000131
4025,0.000131
4026,0.000131
4027,0.000131
4028,0.000131
4029,0.000131
4030,0.000131
4031,0.000131
4032,0.000131
4033,0.000131
4034,0.000131
4035,0.000131
4036,0.000131
4037,0.000131
4038,0.000131
4039,0.000130
4040,0.000130
4041,0.000130
4042,0.000130
4043,0.000130
4044,0.000130
4045,0.000130
4046,0.000130
4047,0.000130
4048,0.000130
4049,0.000130
4050,0.000130
4051,0.000130
4052,0.000130
4053,0.000130
4054,0.000130
4055,0.000130
4056,0.000130
4057,0.000130
4058,0.000130
4059,0.000130
4060,0.000130
4061,0.000130
4062,0.000130
4063,0.000130
4064,0.000130
4065,0.000129
4066,0.000129
4067,0.000129
4068,0.000129
4069,0.000129
4070,0.000129
4071,0.000129
4072,0.000129
4073,0.000129
4074,0.000129
4075,0.000129
4076,0.000129
4077,0.000129
4078,0.000129
4079,0.000129
4080,0.000129
4081,0.000129
4082,0.000129
4083,0.000129
4084,0.000129
4085,0.000129
4086,0.000129
4087,0.000129
4088,0.000129
4089,0.000129
4090,0.000129
4091,0.000128
4092,0.000128
4093,0.000128
4094,0.000128
4095,0.000128
4096,0.000128
4097,0.000128
4098,0.000128
4099,0.000128
4100,0.000128
4101,0.000128
4102,0.000128
4103,0.000128
4104,0.000128
4105,0.000128
4106,0.000128
4107,0.000128
4108,0.000128
4109,0.000128
4110,0.000128
4111,0.000128
4112,0.000128
4113,0.000128
4114,0.000128
4115,0.000128
4116,0.000128
4117,0.000127
4118,0.000127
4119,0.000127
4120,0.000127
4121,0.000127
4122,0.000127
4123,0.000127
4124,0.000127
4125,0.000127
4126,0.000127
4127,0.000127
4128,0.000127
4129,0.000127
4130,0.000127
4131,0.000127
4132,0.000127
4133,0.000127
4134,0.000127
4135,0.000127
4136,0.000127
4137,0.000127
4138,0.000127
4139,0.000127
4140,0.000127
4141,0.000127
4142,0.000127
4143,0.000126
4144,0.000126
4145,0.000126
4146,0.000126
4147,0.000126
4148,0.000126
4149,0.000126
4150,0.000126
4151,0.000126
4152,0.000126
4153,0.000126
4154,0.000126
4155,0.000126
4156,0.000126
4157,0.000126
4158,0.000126
4159,0.000126
4160,0.000126
4161,0.000126
4162,0.000126
4163,0.000126
4164,0.000126
4165,0.000126
4166,0.000126
4167,0.000126
4168,0.000126
4169,0.000126
4170,0.000125
4171,0.000125
4172,0.000125
4173,0.000125
4174,0.000125
4175,0.000125
4176,0.000125
4177,0.000125
4178,0.000125
4179,0.000125
4180,0.000125
4181,0.000125
4182,0.000125
4183,0.000125
4184,0.000125
4185,0.000125
4186,0.000125
4187,0.000125
4188,0.000125
4189,0.000125
4190,0.000125
4191,0.000125
4192,0.000125
4193,0.000125
4194,0.000125
4195,0.000125
4196,0.000125
4197,0.000124
4198,0.000124
4199,0.000124
4200,0.000124
4201,0.000124
4202,0.000124
4203,0.000124
4204,0.000124
4205,0.000124
4206,0.000124
4207,0.000124
4208,0.000124
4209,0.000124
4210,0.000124
4211,0.000124
4212,0.000124
4213,0.000124
4214,0.000124
4215,0.000124
4216,0.000124
4217,0.000124
4218,0.000124
4219,0.000124
4220,0.000124
4221,0.000124
4222,0.000124
4223,0.000124
4224,0.000124
4225,0.000123
4226,0.000123
4227,0.000123
4228,0.000123
4229,0.000123
4230,0.000123
4231,0.000123
4232,0.000123
4233,0.000123
4234,0.000123
4235,0.000123
4236,0.000123
4237,0.000123
4238,0.000123
4239,0.000123
4240,0.000123
4241,0.000123
4242,0.000123
4243,0.000123
4244,0.000123
4245,0.000123
4246,0.000123
4247,0.000123
4248,0.000123
4249,0.000123
4250,0.000123
4251,0.000123
4252,0.000123
4253,0.000122
4254,0.000122
4255,0.000122
4256,0.000122
4257,0.000122
4258,0.000122
4259,0.000122
4260,0.000122
4261,0.000122
4262,0.000122
4263,0.000122
4264,0.000122
4265,0.000122
4266,0.000122
4267,0.000122
4268,0.000122
4269,0.000122
4270,0.000122
4271,0.000122
4272,0.000122
4273,0.000122
4274,0.000122
4275,0.000122
4276,0.000122
4277,0.000122
4278,0.000122
4279,0.000122
4280,0.000122
4281,0.000122
4282,0.000121
4283,0.000121
4284,0.000121
4285,0.000121
4286,0.000121
4287,0.000121
4288,0.000121
4289,0.000121
4290,0.000121
4291,0.000121
4292,0.000121
4293,0.000121
4294,0.000121
4295,0.000121
4296,0.000121
4297,0.000121
4298,0.000121
4299,0.000121
4300,0.000121
4301,0.000121
4302,0.000121
4303,0.000121
4304,0.000121
4305,0.000121
4306,0.000121
4307,0.000121
4308,0.000121
4309,0.000121
4310,0.000121
4311,0.000120
4312,0.000120
4313,0.000120
4314,0.000120
4315,0.000120
4316,0.000120
4317,0.000120
4318,0.000120
4319,0.000120
4320,0.000120
4321,0.000120
4322,0.000120
4323,0.000120
4324,0.000120
4325,0.000120
4326,0.000120
4327,0.000120
4328,0.000120
4329,0.000120
4330,0.000120
4331,0.000120
4332,0.000120
4333,0.000120
4334,0.000120
4335,0.000120
4336,0.000120
4337,0.000120
4338,0.000120
4339,0.000120
4340,0.000119
4341,0.000119
4342,0.000119
4343,0.000119
4344,0.000119
4345,0.000119
4346,0.000119
4347,0.000119
4348,0.000119
4349,0.000119
4350,0.000119
4351,0.000119
4352,0.000119
4353,0.000119
4354,0.000119
4355,0.000119
4356,0.000119
4357,0.000119
4358,0.000119
4359,0.000119
4360,0.000119
4361,0.000119
4362,0.000119
4363,0.000119
4364,0.000119
4365,0.000119
4366,0.000119
4367,0.000119
4368,0.000119
4369,0.000119
4370,0.000118
4371,0.000118
4372,0.000118
4373,0.000118
4374,0.000118
4375,0.000118
4376,0.000118
4377,0.000118
4378,0.000118
4379,0.000118
4380,0.000118
4381,0.000118
4382,0.000118
4383,0.000118
4384,0.000118
4385,0.000118
4386,0.000118
4387,0.000118
4388,0.000118
4389,0.000118
4390,0.000118
4391,0.000118
4392,0.000118
4393,0.000118
4394,0.000118
4395,0.000118
4396,0.000118
4397,0.000118
4398,0.000118
4399,0.000118
4400,0.000118
4401,0.000117
4402,0.000117
4403,0.000117
4404,0.000117
4405,0.000117
4406,0.000117
4407,0.000117
4408,0.000117
4409,0.000117
4410,0.000117
4411,0.000117
4412,0.000117
4413,0.000117
4414,0.000117
4415,0.000117
4416,0.000117
4417,0.000117
4418,0.000117
4419,0.000117
4420,0.000117
4421,0.000117
4422,0.000117
4423,0.000117
4424,0.000117
4425,0.000117
4426,0.000117
4427,0.000117
4428,0.000117
4429,0.000117
4430,0.000117
4431,0.000117
4432,0.000116
4433,0.000116
4434,0.000116
4435,0.000116
4436,0.000116
4437,0.000116
4438,0.000116
4439,0.000116
4440,0.000116
4441,0.000116
4442,0.000116
4443,0.000116
4444,0.000116
4445,0.000116
4446,0.000116
4447,0.000116
4448,0.000116
4449,0.000116
4450,0.000116
4451,0.000116
4452,0.000116
4453,0.000116
4454,0.000116
4455,0.000116
4456,0.000116
4457,0.000116
4458,0.000116
4459,0.000116
4460,0.000116
4461,0.000116
4462,0.000116
4463,0.000115
4464,0.000115
4465,0.000115
4466,0.000115
4467,0.000115
4468,0.000115
4469,0.000115
4470,0.000115
4471,0.000115
4472,0.000115
4473,0.000115
4474,0.000115
4475,0.000115
4476,0.000115
4477,0.000115
4478,0.000115
4479,0.000115
4480,0.000115
4481,0.000115
4482,0.000115
4483,0.000115
4484,0.000115
4485,0.000115
4486,0.000115
4487,0.000115
4488,0.000115
4489,0.000115
4490,0.000115
4491,0.000115
4492,0.000115
4493,0.000115
4494,0.000115
4495,0.000114
4496,0.000114
4497,0.000114
4498,0.000114
4499,0.000114
4500,0.000114
4501,0.000114
4502,0.000114
4503,0.000114
4504,0.000114
4505,0.000114
4506,0.000114
4507,0.000114
4508,0.000114
4509,0.000114
4510,0.000114
4511,0.000114
4512,0.000114
4513,0.000114
4514,0.000114
4515,0.000114
4516,0.000114
4517,0.000114
4518,0.000114
4519,0.000114
4520,0.000114
4521,0.000114
4522,0.000114
4523,0.000114
4524,0.000114
4525,0.000114
4526,0.000114
4527,0.000114
4528,0.000113
4529,0.000113
4530,0.000113
4531,0.000113
4532,0.000113
4533,0.000113
4534,0.000113
4535,0.000113
4536,0.000113
4537,0.000113
4538,0.000113
4539,0.000113
4540,0.000113
4541,0.000113
4542,0.000113
4543,0.000113
4544,0.000113
4545,0.000113
4546,0.000113
4547,0.000113
4548,0.000113
4549,0.000113
4550,0.000113
4551,0.000113
4552,0.000113
4553,0.000113
4554,0.000113
4555,0.000113
4556,0.000113
4557,0.000113
4558,0.000113
4559,0.000113
4560,0.000113
4561,0.000112
4562,0.000112
4563,0.000112
4564,0.000112
4565,0.000112
4566,0.000112
4567,0.000112
4568,0.000112
4569,0.000112
4570,0.000112
4571,0.000112
4572,0.000112
4573,0.000112
4574,0.000112
4575,0.000112
4576,0.000112
4577,0.000112
4578,0.000112
4579,0.000112
4580,0.000112
4581,0.000112
4582,0.000112
4583,0.000112
4584,0.000112
4585,0.000112
4586,0.000112
4587,0.000112
4588,0.000112
4589,0.000112
4590,0.000112
4591,0.000112
4592,0.000112
4593,0.000112
4594,0.000111
4595,0.000111
4596,0.000111
4597,0.000111
4598,0.000111
4599,0.000111
4600,0.000111
4601,0.000111
4602,0.000111
4603,0.000111
4604,0.000111
4605,0.000111
4606,0.000111
4607,0.000111
4608,0.000111
4609,0.000111
4610,0.000111
4611,0.000111
4612,0.000111
4613,0.000111
4614,0.000111
4615,0.000111
4616,0.000111
4617,0.000111
4618,0.000111
4619,0.000111
4620,0.000111
4621,0.000111
4622,0.000111
4623,0.000111
4624,0.000111
4625,0.000111
4626,0.000111
4627,0.000111
4628,0.000110
4629,0.000110
4630,0.000110
4631,0.000110
4632,0.000110
4633,0.000110
4634,0.000110
4635,0.000110
4636,0.000110
4637,0.000110
4638,0.000110
4639,0.000110
4640,0.000110
4641,0.000110
4642,0.000110
4643,0.000110
4644,0.000110
4645,0.000110
4646,0.000110
4647,0.000110
4648,0.000110
4649,0.000110
4650,0.000110
4651,0.000110
4652,0.000110
4653,0.000110
4654,0.000110
4655,0.000110
4656,0.000110
4657,0.000110
4658,0.000110
4659,0.000110
4660,0.000110
4661,0.000110
4662,0.000110
4663,0.000109
4664,0.000109
4665,0.000109
4666,0.000109
4667,0.000109
4668,0.000109
4669,0.000109
4670,0.000109
4671,0.000109
4672,0.000109
4673,0.000109
4674,0.000109
4675,0.000109
4676,0.000109
4677,0.000109
4678,0.000109
4679,0.000109
4680,0.000109
4681,0.000109
4682,0.000109
4683,0.000109
4684,0.000109
4685,0.000109
4686,0.000109
4687,0.000109
4688,0.000109
4689,0.000109
4690,0.000109
4691,0.000109
4692,0.000109
4693,0.000109
4694,0.000109
4695,0.000109
4696,0.000109
4697,0.000109
4698,0.000108
4699,0.000108
4700,0.000108
4701,0.000108
4702,0.000108
4703,0.000108
4704,0.000108
4705,0.000108
4706,0.000108
4707,0.000108
4708,0.000108
4709,0.000108
4710,0.000108
4711,0.000108
4712,0.000108
4713,0.000108
4714,0.000108
4715,0.000108
4716,0.000108
4717,0.000108
4718,0.000108
4719,0.000108
4720,0.000108
4721,0.000108
4722,0.000108
4723,0.000108
4724,0.000108
4725,0.000108
4726,0.000108
4727,0.000108
4728,0.000108
4729,0.000108
4730,0.000108
4731,0.000108
4732,0.000108
4733,0.000108
4734,0.000107
4735,0.000107
4736,0.000107
4737,0.000107
4738,0.000107
4739,0.000107
4740,0.000107
4741,0.000107
4742,0.000107
4743,0.000107
4744,0.000107
4745,0.000107
4746,0.000107
4747,0.000107
4748,0.000107
4749,0.000107
4750,0.000107
4751,0.000107
4752,0.000107
4753,0.000107
4754,0.000107
4755,0.000107
4756,0.000107
4757,0.000107
4758,0.000107
4759,0.000107
4760,0.000107
4761,0.000107
4762,0.000107
4763,0.000107
4764,0.000107
4765,0.000107
4766,0.000107
4767,0.000107
4768,0.000107
4769,0.000107
4770,0.000107
4771,0.000106
4772,0.000106
4773,0.000106
4774,0.000106
4775,0.000106
4776,0.000106
4777,0.000106
4778,0.000106
4779,0.000106
4780,0.000106
4781,0.000106
4782,0.000106
4783,0.000106
4784,0.000106
4785,0.000106
4786,0.000106
4787,0.000106
4788,0.000106
4789,0.000106
4790,0.000106
4791,0.000106
4792,0.000106
4793,0.000106
4794,0.000106
4795,0.000106
4796,0.000106
4797,0.000106
4798,0.000106
4799,0.000106
4800,0.000106
4801,0.000106
4802,0.000106
4803,0.000106
4804,0.000106
4805,0.000106
4806,0.000106
4807,0.000106
4808,0.000105
4809,0.000105
4810,0.000105
4811,0.000105
4812,0.000105
4813,0.000105
4814,0.000105
4815,0.000105
4816,0.000105
4817,0.000105
4818,0.000105
4819,0.000105
4820,0.000105
4821,0.000105
4822,0.000105
4823,0.000105
4824,0.000105
4825,0.000105
4826,0.000105
4827,0.000105
4828,0.000105
4829,0.000105
4830,0.000105
4831,0.000105
4832,0.000105
4833,0.000105
4834,0.000105
4835,0.000105
4836,0.000105
4837,0.000105
4838,0.000105
4839,0.000105
4840,0.000105
4841,0.000105
4842,0.000105
4843,0.000105
4844,0.000105
4845,0.000105
4846,0.000104
4847,0.000104
4848,0.000104
4849,0.000104
4850,0.000104
4851,0.000104
4852,0.000104
4853,0.000104
4854,0.000104
4855,0.000104
4856,0.000104
4857,0.000104
4858,0.000104
4859,0.000104
4860,0.000104
4861,0.000104
4862,0.000104
4863,0.000104
4864,0.000104
4865,0.000104
4866,0.000104
4867,0.000104
4868,0.000104
4869,0.000104
4870,0.000104
4871,0.000104
4872,0.000104
4873,0.000104
4874,0.000104
4875,0.000104
4876,0.000104
4877,0.000104
4878,0.000104
4879,0.000104
4880,0.000104
4881,0.000104
4882,0.000104
4883,0.000104
4884,0.000104
4885,0.000103
4886,0.000103
4887,0.000103
4888,0.000103
4889,0.000103
4890,0.000103
4891,0.000103
4892,0.000103
4893,0.000103
4894,0.000103
4895,0.000103
4896,0.000103
4897,0.000103
4898,0.000103
4899,0.000103
4900,0.000103
4901,0.000103
4902,0.000103
4903,0.000103
4904,0.000103
4905,0.000103
4906,0.000103
4907,0.000103
4908,0.000103
4909,0.000103
4910,0.000103
4911,0.000103
4912,0.000103
4913,0.000103
4914,0.000103
4915,0.000103
4916,0.000103
4917,0.000103
4918,0.000103
4919,0.000103
4920,0.000103
4921,0.000103
4922,0.000103
4923,0.000103
4924,0.000102
4925,0.000102
4926,0.000102
4927,0.000102
4928,0.000102
4929,0.000102
4930,0.000102
4931,0.000102
4932,0.000102
4933,0.000102
4934,0.000102
4935,0.000102
4936,0.000102
4937,0.000102
4938,0.000102
4939,0.000102
4940,0.000102
4941,0.000102
4942,0.000102
4943,0.000102
4944,0.000102
4945,0.000102
4946,0.000102
4947,0.000102
4948,0.000102
4949,0.000102
4950,0.000102
4951,0.000102
4952,0.000102
4953,0.000102
4954,0.000102
4955,0.000102
4956,0.000102
4957,0.000102
4958,0.000102
4959,0.000102
4960,0.000102
4961,0.000102
4962,0.000102
4963,0.000102
4964,0.000101
4965,0.000101
4966,0.000101
4967,0.000101
4968,0.000101
4969,0.000101
4970,0.000101
4971,0.000101
4972,0.000101
4973,0.000101
4974,0.000101
4975,0.000101
4976,0.000101
4977,0.000101
4978,0.000101
4979,0.000101
4980,0.000101
4981,0.000101
4982,0.000101
4983,0.000101
4984,0.000101
4985,0.000101
4986,0.000101
4987,0.000101
4988,0.000101
4989,0.000101
4990,0.000101
4991,0.000101
4992,0.000101
4993,0.000101
4994,0.000101
4995,0.000101
4996,0.000101
4997,0.000101
4998,0.000101
4999,0.000101
5000,0.000101
